EXCATL,EXPN,EXDESC,EXPLIN,EXPCLS,EXSUM,EXFRDT,EXTODT,EXQTY,EXNRTL,EXNETF,EXPRCD,EXPER,EXPCAT,EXITYP,EXPCC
PRICELIST,12345S,PRODUCT DESCRIPTION 1,95,70,PK,30216,311217,1,20.71,,SOCK,,AWAIT CATEGORY,C,SCK1
PRICELIST,12346M,PRODUCT DESCRIPTION 2,95,70,PR,30216,311217,1,21.71,,SOCK,,AWAIT CATEGORY,C,SCK1
PRICELIST,12347L,PRODUCT DESCRIPTION 3,95,70,PR,30216,311217,1,20.72,,SOCK,,AWAIT CATEGORY,C,SCK1
PRICELIST,12348XL,PRODUCT DESCRIPTION 4,95,70,PR,30216,311217,1,21.72,,SOCK,,AWAIT CATEGORY,C,SCK1
PRICELIST,12349XXL,PRODUCT DESCRIPTION 5,95,70,PR,30216,311217,1,20.73,,SOCK,,AWAIT CATEGORY,C,SCK1
PRICELIST,12350S,PRODUCT DESCRIPTION 6,95,70,PR,30216,311217,1,21.73,,SOCK,,AWAIT CATEGORY,C,SCK1
PRICELIST,12351M,PRODUCT DESCRIPTION 7,2K,20,EA,30216,311217,1,20.74,,,,AWAIT CATEGORY,C,NADS
PRICELIST,12352L,PRODUCT DESCRIPTION 8,2D,20,EA,30216,311217,1,21.74,,,,AWAIT CATEGORY,C,TMET
PRICELIST,12353XL,PRODUCT DESCRIPTION 9,29,20,EA,30216,311217,1,20.75,,,,AWAIT CATEGORY,C,TMET
PRICELIST,12354XXL,PRODUCT DESCRIPTION 10,29,20,EA,30216,311217,1,21.75,,,,AWAIT CATEGORY,C,TMET
PRICELIST,12355S,PRODUCT DESCRIPTION 11,21,20,EA,30216,311217,1,20.76,,,,AWAIT CATEGORY,C,TMET
PRICELIST,12356M,PRODUCT DESCRIPTION 12,21,20,EA,30216,311217,1,21.76,,,,AWAIT CATEGORY,C,TMET
PRICELIST,12357L,PRODUCT DESCRIPTION 13,18,20,ST,30216,311217,1,20.77,,,,AWAIT CATEGORY,C,TIRN
PRICELIST,12358XL,PRODUCT DESCRIPTION 14,18,20,ST,30216,311217,1,21.77,,,,AWAIT CATEGORY,C,TIRN
PRICELIST,12359XXL,PRODUCT DESCRIPTION 15,12,10,DZ,30216,311217,1,20.78,,BALL,,X-OUT ELASTOMER,C,NODS
PRICELIST,12360S,PRODUCT DESCRIPTION 16,12,10,DZ,30216,311217,1,21.78,,BALL,,PRACTICE BALLS,C,NODS
PRICELIST,12361M,PRODUCT DESCRIPTION 17,12,10,DZ,30216,311217,1,20.79,,BALL,,PRACTICE BALLS,C,GB1
PRICELIST,12362L,PRODUCT DESCRIPTION 18,12,10,DZ,30216,311217,1,21.79,,BALL,,X-OUT PINN DOZ,C,NODS
PRICELIST,12363XL,PRODUCT DESCRIPTION 19,12,10,DZ,30216,311217,1,20.80,,BALL,,PRACTICE + LOGO,C,NODS
PRICELIST,12364XXL,PRODUCT DESCRIPTION 20,12,10,DZ,30216,311217,1,21.80,,BALL,,PRACTICE + LOGO,C,NODS
PRICELIST,12365S,PRODUCT DESCRIPTION 21,12,10,PK,30216,311217,1,20.81,,BALL,,P.LOGO OVER-RUN,C,NODS
PRICELIST,12366M,PRODUCT DESCRIPTION 22,12,10,DZ,30216,311217,1,21.81,,BALL,,X-OUT T.SURLYN,C,NODS
PRICELIST,12367L,PRODUCT DESCRIPTION 23,74,45,EA,30216,311217,1,20.82,,TGLV,,PLAYERS,C,TGLV
PRICELIST,12368XL,PRODUCT DESCRIPTION 24,74,45,EA,30216,311217,1,21.82,,TGLV,,PLAYERS,C,TGLV
PRICELIST,12369XXL,PRODUCT DESCRIPTION 25,74,45,EA,30216,311217,1,20.83,,TGLV,,PLAYERS,C,TGLV
PRICELIST,12370S,PRODUCT DESCRIPTION 26,98,80,PR,30216,311217,1,21.83,,FACC,,AWAIT CATEGORY,C,FJAC
PRICELIST,12371M,PRODUCT DESCRIPTION 27,98,80,PR,30216,311217,1,20.84,,FACC,,AWAIT CATEGORY,C,FJAC
PRICELIST,12372L,PRODUCT DESCRIPTION 28,11,10,PK,30216,311217,24,21.84,,LOGO,,AWAIT CATEGORY,C,PINN
PRICELIST,12373XL,PRODUCT DESCRIPTION 29,11,10,PK,30216,311217,48,20.85,,LOGO,,AWAIT CATEGORY,C,PINN
PRICELIST,12374XXL,PRODUCT DESCRIPTION 30,76,45,EA,30216,311217,1,21.85,,TGLV,,PLAYERS,C,TGLV
PRICELIST,12375S,PRODUCT DESCRIPTION 31,76,45,EA,30216,311217,1,20.86,,TGLV,,PLAYERS,C,TGLV
PRICELIST,12376M,PRODUCT DESCRIPTION 32,76,45,EA,30216,311217,1,21.86,,TGLV,,PLAYERS,C,TGLV
PRICELIST,12377L,PRODUCT DESCRIPTION 33,76,45,EA,30216,311217,1,20.87,,TGLV,,PLAYERS,C,TGLV
PRICELIST,12378XL,PRODUCT DESCRIPTION 34,85,50,PR,30216,311217,1,21.87,,TACC,,T/WINTER MITTS,C,TACC
PRICELIST,12379XXL,PRODUCT DESCRIPTION 35,85,50,EA,30216,311217,1,20.88,,TACC,,AWAIT CATEGORY,C,TACC
PRICELIST,12380S,PRODUCT DESCRIPTION 36,85,50,EA,30216,311217,1,21.88,,TACC,,AWAIT CATEGORY,C,TACC
PRICELIST,12381M,PRODUCT DESCRIPTION 37,85,50,EA,30216,311217,1,20.89,,TACC,,AWAIT CATEGORY,C,TACC
PRICELIST,12382L,PRODUCT DESCRIPTION 38,85,50,EA,30216,311217,1,21.89,,TACC,,AWAIT CATEGORY,C,TACC
PRICELIST,12383XL,PRODUCT DESCRIPTION 39,85,50,PK,30216,311217,1,20.90,,TACC,,AWAIT CATEGORY,C,NADS
PRICELIST,12384XXL,PRODUCT DESCRIPTION 40,10,10,DZ,30216,311217,1,21.90,,BALL,,AWAIT CATEGORY,C,PINN
PRICELIST,12385S,PRODUCT DESCRIPTION 41,10,10,DZ,30216,311217,1,20.91,,BALL,,AWAIT CATEGORY,C,PINN
PRICELIST,12386M,PRODUCT DESCRIPTION 42,10,10,DZ,30216,311217,1,21.91,,BALL,,AWAIT CATEGORY,C,PINN
PRICELIST,12387L,PRODUCT DESCRIPTION 43,98,80,PK,30216,311217,1,20.92,,FACC,,AWAIT CATEGORY,C,FJAC
PRICELIST,12388XL,PRODUCT DESCRIPTION 44,11,10,PK,30216,311217,1,21.92,,LOGO,,AWAIT CATEGORY,C,PINN
PRICELIST,12389XXL,PRODUCT DESCRIPTION 45,98,80,PK,30216,311217,1,20.93,,FACC,,AWAIT CATEGORY,C,FJAC
PRICELIST,12390S,PRODUCT DESCRIPTION 46,98,80,PK,30216,311217,1,21.93,,FACC,,AWAIT CATEGORY,C,FJAC
PRICELIST,12391M,PRODUCT DESCRIPTION 47,98,80,PK,30216,311217,1,20.94,,FACC,,AWAIT CATEGORY,C,FJAC
PRICELIST,12392L,PRODUCT DESCRIPTION 48,98,80,PK,30216,311217,1,21.94,,FACC,,AWAIT CATEGORY,C,FJAC
PRICELIST,12393XL,PRODUCT DESCRIPTION 49,98,80,PK,30216,311217,1,20.95,,FACC,,AWAIT CATEGORY,C,FJAC
PRICELIST,12394XXL,PRODUCT DESCRIPTION 50,98,80,PK,30216,311217,1,21.95,,FACC,,AWAIT CATEGORY,C,FJAC
PRICELIST,12395S,PRODUCT DESCRIPTION 51,98,80,PK,30216,311217,1,20.96,,FACC,,AWAIT CATEGORY,C,FJAC
PRICELIST,12396M,PRODUCT DESCRIPTION 52,11,10,DZ,30216,311217,96,21.96,,LOGO,,PTS CARRY DZ,C,GB1
PRICELIST,12397L,PRODUCT DESCRIPTION 53,11,10,DZ,30216,311217,144,20.97,,LOGO,,PTS CARRY DZ,C,GB1
PRICELIST,12398XL,PRODUCT DESCRIPTION 54,10,10,DZ,30216,311217,1,21.97,,BALL,,PTS CARRY DZ,C,GB1
PRICELIST,12399XXL,PRODUCT DESCRIPTION 55,8Z,55,EA,30216,311217,1,20.98,,TBAG,,AWAIT CATEGORY,C,NODS
PRICELIST,12400S,PRODUCT DESCRIPTION 56,85,50,EA,30216,311217,1,21.98,,TACC,,AWAIT CATEGORY,C,TACC
PRICELIST,12401M,PRODUCT DESCRIPTION 57,10,10,DZ,30216,311217,1,20.99,,BALL,,AWAIT CATEGORY,C,GB1
PRICELIST,12402L,PRODUCT DESCRIPTION 58,11,10,DZ,30216,311217,24,21.99,,LOGO,,PTS CARRY DZ,C,GB1
PRICELIST,12403XL,PRODUCT DESCRIPTION 59,11,10,DZ,30216,311217,48,20.100,,LOGO,,PTS CARRY DZ,C,GB1
PRICELIST,12404XXL,PRODUCT DESCRIPTION 60,11,10,DZ,30216,311217,96,21.100,,LOGO,,AWAIT CATEGORY,C,GB1
PRICELIST,12405S,PRODUCT DESCRIPTION 61,11,10,DZ,30216,311217,144,20.101,,LOGO,,AWAIT CATEGORY,C,GB1
PRICELIST,12406M,PRODUCT DESCRIPTION 62,11,10,DZ,30216,311217,1,21.101,,LOGO,,AWAIT CATEGORY,C,GB1
PRICELIST,12407L,PRODUCT DESCRIPTION 63,10,10,DZ,30216,311217,1,20.102,,BALL,,AWAIT CATEGORY,C,GB1
PRICELIST,12408XL,PRODUCT DESCRIPTION 64,11,10,DZ,30216,311217,24,21.102,,LOGO,,AWAIT CATEGORY,C,GB1
PRICELIST,12409XXL,PRODUCT DESCRIPTION 65,11,10,DZ,30216,311217,48,20.103,,LOGO,,AWAIT CATEGORY,C,GB1
PRICELIST,12410S,PRODUCT DESCRIPTION 66,11,10,DZ,30216,311217,1,21.103,,LOGO,,PTS CARRY DZ,C,GB1
PRICELIST,12411M,PRODUCT DESCRIPTION 67,31,50,PR,30216,311217,1,20.104,,TACC,,AWAIT CATEGORY,C,NODS
PRICELIST,12412L,PRODUCT DESCRIPTION 68,98,80,EA,30216,311217,1,21.104,,FACC,,AWAIT CATEGORY,C,FJAC
PRICELIST,12413XL,PRODUCT DESCRIPTION 69,11,10,DZ,30216,311217,96,20.105,,LOGO,,AWAIT CATEGORY,C,GB1
PRICELIST,12414S,PRODUCT DESCRIPTION 70,11,10,DZ,30216,311217,144,21.105,,LOGO,,AWAIT CATEGORY,C,GB1
PRICELIST,12415M,PRODUCT DESCRIPTION 71,10,10,DZ,30216,311217,1,20.106,,BALL,,NXT,C,GB1
PRICELIST,12416L,PRODUCT DESCRIPTION 72,11,10,DZ,30216,311217,1,21.106,,LOGO,,AWAIT CATEGORY,C,GB1
PRICELIST,12417XL,PRODUCT DESCRIPTION 73,11,10,DZ,30216,311217,24,20.107,,LOGO,,AWAIT CATEGORY,C,GB1
PRICELIST,12418XXL,PRODUCT DESCRIPTION 74,11,10,DZ,30216,311217,48,21.107,,LOGO,,AWAIT CATEGORY,C,GB1
PRICELIST,12419S,PRODUCT DESCRIPTION 75,11,10,DZ,30216,311217,1,20.108,,LOGO,,AWAIT CATEGORY,C,GB1
PRICELIST,12420M,PRODUCT DESCRIPTION 76,85,50,EA,30216,311217,1,21.108,,TACC,,AWAIT CATEGORY,C,NADS
PRICELIST,12421L,PRODUCT DESCRIPTION 77,82,55,ST,30216,311217,1,20.109,,TBAG,,AWAIT CATEGORY,C,TACC
PRICELIST,12422XL,PRODUCT DESCRIPTION 78,82,55,ST,30216,311217,1,21.109,,TBAG,,AWAIT CATEGORY,C,TACC
PRICELIST,12423XXL,PRODUCT DESCRIPTION 79,98,80,EA,30216,311217,1,20.110,,FACC,,AWAIT CATEGORY,C,FJAC
PRICELIST,12424S,PRODUCT DESCRIPTION 80,96,70,SIX,30216,311217,1,21.110,,SOCK,,AWAIT CATEGORY,C,SCK1
PRICELIST,12425M,PRODUCT DESCRIPTION 81,85,50,PR,30216,311217,1,20.111,,TACC,,T/WINTER MITTS,C,TACC
PRICELIST,12426L,PRODUCT DESCRIPTION 82,85,50,EA,30216,311217,1,21.111,,TACC,,D/CANOPY UMBREL,C,TACC
PRICELIST,12427XL,PRODUCT DESCRIPTION 83,82,55,ST,30216,311217,1,20.112,,TBAG,,AWAIT CATEGORY,C,TACC
PRICELIST,12428XXL,PRODUCT DESCRIPTION 84,8Z,50,EA,30216,311217,1,21.112,,TACC,,AWAIT CATEGORY,C,NODS
PRICELIST,12429S,PRODUCT DESCRIPTION 85,84,55,EA,30216,311217,1,20.113,,TBAG,,AWAIT CATEGORY,C,TBAG
PRICELIST,12430M,PRODUCT DESCRIPTION 86,84,55,EA,30216,311217,1,21.113,,TBAG,,AWAIT CATEGORY,C,TBAG
PRICELIST,12431L,PRODUCT DESCRIPTION 87,84,55,EA,30216,311217,1,20.114,,TBAG,,AWAIT CATEGORY,C,TBAG
PRICELIST,12432XL,PRODUCT DESCRIPTION 88,10,10,DZ,30216,311217,1,21.114,,BALL,,AWAIT CATEGORY,C,GB1
PRICELIST,12433XXL,PRODUCT DESCRIPTION 89,11,10,DZ,30216,311217,96,20.115,,LOGO,,AWAIT CATEGORY,C,GB1
PRICELIST,12434S,PRODUCT DESCRIPTION 90,11,10,DZ,30216,311217,144,21.115,,LOGO,,AWAIT CATEGORY,C,GB1
PRICELIST,12435M,PRODUCT DESCRIPTION 91,11,10,DZ,30216,311217,96,20.116,,LOGO,,AWAIT CATEGORY,C,GB1
PRICELIST,12436L,PRODUCT DESCRIPTION 92,11,10,DZ,30216,311217,144,21.116,,LOGO,,AWAIT CATEGORY,C,GB1
PRICELIST,12437XL,PRODUCT DESCRIPTION 93,84,55,EA,30216,311217,1,20.117,,TBAG,,AWAIT CATEGORY,C,TBAG
PRICELIST,12438XXL,PRODUCT DESCRIPTION 94,10,10,DZ,30216,311217,1,21.117,,BALL,,AWAIT CATEGORY,C,GB1
PRICELIST,12439S,PRODUCT DESCRIPTION 95,11,10,DZ,30216,311217,24,20.118,,LOGO,,AWAIT CATEGORY,C,GB1
PRICELIST,12440M,PRODUCT DESCRIPTION 96,11,10,DZ,30216,311217,48,21.118,,LOGO,,AWAIT CATEGORY,C,GB1
PRICELIST,12441L,PRODUCT DESCRIPTION 97,11,10,DZ,30216,311217,24,20.119,,LOGO,,AWAIT CATEGORY,C,GB1
PRICELIST,12442XL,PRODUCT DESCRIPTION 98,11,10,DZ,30216,311217,48,21.119,,LOGO,,AWAIT CATEGORY,C,GB1
PRICELIST,12443XXL,PRODUCT DESCRIPTION 99,84,55,EA,30216,311217,1,20.120,,TBAG,,AWAIT CATEGORY,C,TBAG
PRICELIST,12444S,PRODUCT DESCRIPTION 100,85,50,EA,30216,311217,1,21.120,,TACC,,UMBRELLA D/CANO,C,TACC
PRICELIST,12445M,PRODUCT DESCRIPTION 101,85,50,EA,30216,311217,1,20.121,,TACC,,AWAIT CATEGORY,C,TACC
PRICELIST,12446L,PRODUCT DESCRIPTION 102,85,50,EA,30216,311217,1,21.121,,TACC,,AWAIT CATEGORY,C,TACC
PRICELIST,12447XL,PRODUCT DESCRIPTION 103,85,50,EA,30216,311217,1,20.122,,TACC,,AWAIT CATEGORY,C,TACC
PRICELIST,12448XXL,PRODUCT DESCRIPTION 104,11,10,DZ,30216,311217,1,21.122,,LOGO,,AWAIT CATEGORY,C,GB1
PRICELIST,12449S,PRODUCT DESCRIPTION 105,11,10,DZ,30216,311217,1,20.123,,LOGO,,AWAIT CATEGORY,C,GB1
PRICELIST,12450M,PRODUCT DESCRIPTION 106,8N,67,EA,30216,311217,1,21.123,,RAIN,,FJ PERF SH L/S,C,FJAP
PRICELIST,12451L,PRODUCT DESCRIPTION 107,98,80,EA,30216,311217,1,20.124,,FACC,,HOLDALL,C,FJAC
PRICELIST,12452XL,PRODUCT DESCRIPTION 108,85,50,EA,30216,311217,1,21.124,,TACC,,AWAIT CATEGORY,C,TACC
PRICELIST,12453XXL,PRODUCT DESCRIPTION 109,85,50,EA,30216,311217,1,20.125,,TACC,,AWAIT CATEGORY,C,TACC
PRICELIST,12454S,PRODUCT DESCRIPTION 110,9K,60,PR,30216,311217,1,21.125,,SHOE,,AQL WM,C,FJ1
PRICELIST,12455M,PRODUCT DESCRIPTION 111,85,50,EA,30216,311217,1,20.126,,TACC,,AWAIT CATEGORY,C,TACC
PRICELIST,12456L,PRODUCT DESCRIPTION 112,85,50,EA,30216,311217,1,21.126,,TACC,,WHEELED DUF BAG,C,TACC
PRICELIST,12457XL,PRODUCT DESCRIPTION 113,85,50,EA,30216,311217,1,20.127,,TACC,,AWAIT CATEGORY,C,TACC
PRICELIST,12458XXL,PRODUCT DESCRIPTION 114,85,50,EA,30216,311217,1,21.127,,TACC,,AWAIT CATEGORY,C,TACC
PRICELIST,12459S,PRODUCT DESCRIPTION 115,85,50,EA,30216,311217,1,20.128,,TACC,,AWAIT CATEGORY,C,NADS
PRICELIST,12460M,PRODUCT DESCRIPTION 116,30,50,EA,30216,311217,1,21.128,,TACC,,AWAIT CATEGORY,,NODS
PRICELIST,12461L,PRODUCT DESCRIPTION 117,30,50,EA,30216,311217,1,20.129,,TACC,,AWAIT CATEGORY,,NODS
PRICELIST,12462XL,PRODUCT DESCRIPTION 118,84,55,EA,30216,311217,1,21.129,,TBAG,,AWAIT CATEGORY,M,TBAG
PRICELIST,12463XXL,PRODUCT DESCRIPTION 119,85,50,EA,30216,311217,1,20.130,,TACC,,AWAIT CATEGORY,M,TACC
PRICELIST,12464S,PRODUCT DESCRIPTION 120,84,55,EA,30216,311217,1,21.130,,TBAG,,AWAIT CATEGORY,M,TBAG
PRICELIST,12465M,PRODUCT DESCRIPTION 121,84,55,EA,30216,311217,1,20.131,,TBAG,,AWAIT CATEGORY,M,TBAG
PRICELIST,12466L,PRODUCT DESCRIPTION 122,84,55,EA,30216,311217,1,21.131,,TBAG,,AWAIT CATEGORY,M,TBAG
PRICELIST,12467XL,PRODUCT DESCRIPTION 123,84,55,EA,30216,311217,1,20.132,,TBAG,,AWAIT CATEGORY,M,TBAG
PRICELIST,12468XXL,PRODUCT DESCRIPTION 124,84,55,EA,30216,311217,1,21.132,,TBAG,,AWAIT CATEGORY,M,TBAG
PRICELIST,12469S,PRODUCT DESCRIPTION 125,84,55,EA,30216,311217,1,20.133,,TBAG,,AWAIT CATEGORY,M,TBAG
PRICELIST,12470M,PRODUCT DESCRIPTION 126,84,55,EA,30216,311217,1,21.133,,TBAG,,AWAIT CATEGORY,M,TBAG
PRICELIST,12471L,PRODUCT DESCRIPTION 127,84,55,EA,30216,311217,1,20.134,,TBAG,,AWAIT CATEGORY,M,TBAG
PRICELIST,12472XL,PRODUCT DESCRIPTION 128,84,55,EA,30216,311217,1,21.134,,TBAG,,AWAIT CATEGORY,M,TBAG
PRICELIST,12473XXL,PRODUCT DESCRIPTION 129,84,55,EA,30216,311217,1,20.135,,TBAG,,AWAIT CATEGORY,M,TBAG
PRICELIST,12474S,PRODUCT DESCRIPTION 130,84,55,EA,30216,311217,1,21.135,,TBAG,,AWAIT CATEGORY,M,TBAG
PRICELIST,12475M,PRODUCT DESCRIPTION 131,84,55,EA,30216,311217,1,20.136,,TBAG,,AWAIT CATEGORY,C,TBAG
PRICELIST,12476L,PRODUCT DESCRIPTION 132,84,55,EA,30216,311217,1,21.136,,TBAG,,AWAIT CATEGORY,M,TBAG
PRICELIST,12477XL,PRODUCT DESCRIPTION 133,85,50,DZ,30216,311217,1,20.137,,TACC,,AWAIT CATEGORY,M,TACC
PRICELIST,12478XXL,PRODUCT DESCRIPTION 134,85,50,DZ,30216,311217,1,21.137,,TACC,,AWAIT CATEGORY,M,TACC
PRICELIST,12479S,PRODUCT DESCRIPTION 135,85,50,DZ,30216,311217,1,20.138,,TACC,,AWAIT CATEGORY,M,TACC
PRICELIST,12480M,PRODUCT DESCRIPTION 136,85,50,DZ,30216,311217,1,21.138,,TACC,,AWAIT CATEGORY,M,TACC
PRICELIST,12481L,PRODUCT DESCRIPTION 137,85,50,DZ,30216,311217,1,20.139,,TACC,,AWAIT CATEGORY,M,TACC
PRICELIST,12482XL,PRODUCT DESCRIPTION 138,84,55,EA,30216,311217,1,21.139,,TBAG,,AWAIT CATEGORY,M,TBAG
PRICELIST,12483XXL,PRODUCT DESCRIPTION 139,85,50,EA,30216,311217,1,20.140,,TACC,,AWAIT CATEGORY,M,TACC
PRICELIST,12484S,PRODUCT DESCRIPTION 140,84,55,EA,30216,311217,1,21.140,,TBAG,,AWAIT CATEGORY,M,TBAG
PRICELIST,12485M,PRODUCT DESCRIPTION 141,84,55,EA,30216,311217,1,20.141,,TBAG,,AWAIT CATEGORY,M,TBAG
PRICELIST,12486L,PRODUCT DESCRIPTION 142,85,50,DZ,30216,311217,1,21.141,,TACC,,AWAIT CATEGORY,M,TACC
PRICELIST,12487XL,PRODUCT DESCRIPTION 143,85,50,DZ,30216,311217,1,20.142,,TACC,,AWAIT CATEGORY,M,TACC
PRICELIST,12488XXL,PRODUCT DESCRIPTION 144,84,55,EA,30216,311217,1,21.142,,TBAG,,AWAIT CATEGORY,M,TBAG
PRICELIST,12489S,PRODUCT DESCRIPTION 145,84,55,EA,30216,311217,1,20.143,,TBAG,,AWAIT CATEGORY,M,TBAG
PRICELIST,12490M,PRODUCT DESCRIPTION 146,85,50,EA,30216,311217,1,21.143,,TACC,,AWAIT CATEGORY,M,NADS
PRICELIST,12491L,PRODUCT DESCRIPTION 147,84,55,EA,30216,311217,1,20.144,,TBAG,,AWAIT CATEGORY,M,TBAG
PRICELIST,12492XL,PRODUCT DESCRIPTION 148,84,55,EA,30216,311217,1,21.144,,TBAG,,AWAIT CATEGORY,M,TBAG
PRICELIST,12493XXL,PRODUCT DESCRIPTION 149,84,55,EA,30216,311217,1,20.145,,TBAG,,AWAIT CATEGORY,M,TBAG
PRICELIST,12494S,PRODUCT DESCRIPTION 150,84,55,EA,30216,311217,1,21.145,,TBAG,,AWAIT CATEGORY,M,TBAG
PRICELIST,12495M,PRODUCT DESCRIPTION 151,84,55,EA,30216,311217,1,20.146,,TBAG,,AWAIT CATEGORY,C,TBAG
PRICELIST,12496L,PRODUCT DESCRIPTION 152,84,55,EA,30216,311217,1,21.146,,TBAG,,AWAIT CATEGORY,C,TBAG
PRICELIST,12497XL,PRODUCT DESCRIPTION 153,85,50,EA,30216,311217,1,20.147,,TACC,,AWAIT CATEGORY,M,TACC
PRICELIST,12498XXL,PRODUCT DESCRIPTION 154,94,60,PR,30216,311217,1,21.147,,SHOE,,FIRSTJOYS DOZ,M,FJ1
PRICELIST,12499S,PRODUCT DESCRIPTION 155,97,70,PK,30216,311217,1,20.148,,SOCK,,AWAIT CATEGORY,M,SCK1
PRICELIST,12500M,PRODUCT DESCRIPTION 156,96,70,PR,30216,311217,1,21.148,,SOCK,,AWAIT CATEGORY,M,SCK1
PRICELIST,12501L,PRODUCT DESCRIPTION 157,96,70,PR,30216,311217,1,20.149,,SOCK,,AWAIT CATEGORY,C,SCK1
PRICELIST,12502XL,PRODUCT DESCRIPTION 158,96,70,PR,30216,311217,1,21.149,,SOCK,,AWAIT CATEGORY,C,SCK1
PRICELIST,12503XXL,PRODUCT DESCRIPTION 159,96,70,PR,30216,311217,1,20.150,,SOCK,,AWAIT CATEGORY,C,SCK1
PRICELIST,12504S,PRODUCT DESCRIPTION 160,96,70,PR,30216,311217,1,21.150,,SOCK,,AWAIT CATEGORY,M,SCK1
PRICELIST,12505M,PRODUCT DESCRIPTION 161,96,70,PR,30216,311217,1,20.151,,SOCK,,C/SOF SPT PR WM,M,SCK1
PRICELIST,12506L,PRODUCT DESCRIPTION 162,96,70,PR,30216,311217,1,21.151,,SOCK,,AWAIT CATEGORY,M,SCK1
PRICELIST,12507XL,PRODUCT DESCRIPTION 163,96,70,PR,30216,311217,1,20.152,,SOCK,,AWAIT CATEGORY,M,SCK1
PRICELIST,12508XXL,PRODUCT DESCRIPTION 164,96,70,PR,30216,311217,1,21.152,,SOCK,,AWAIT CATEGORY,C,SCK1
PRICELIST,12509S,PRODUCT DESCRIPTION 165,96,70,PR,30216,311217,1,20.153,,SOCK,,AWAIT CATEGORY,M,SCK1
PRICELIST,12510M,PRODUCT DESCRIPTION 166,96,70,PR,30216,311217,1,21.153,,SOCK,,AWAIT CATEGORY,M,SCK1
PRICELIST,12511L,PRODUCT DESCRIPTION 167,96,70,PR,30216,311217,1,20.154,,SOCK,,AWAIT CATEGORY,M,SCK1
PRICELIST,12512XL,PRODUCT DESCRIPTION 168,96,70,PR,30216,311217,1,21.154,,SOCK,,AWAIT CATEGORY,M,SCK1
PRICELIST,12513XXL,PRODUCT DESCRIPTION 169,96,70,PR,30216,311217,1,20.155,,SOCK,,AWAIT CATEGORY,M,SCK1
PRICELIST,12514S,PRODUCT DESCRIPTION 170,96,70,PR,30216,311217,1,21.155,,SOCK,,C/SOF SPT PR WM,M,SCK1
PRICELIST,12515M,PRODUCT DESCRIPTION 171,96,70,PR,30216,311217,1,20.156,,SOCK,,C/SOF SPT PR WM,M,SCK1
PRICELIST,12516L,PRODUCT DESCRIPTION 172,96,70,PK,30216,311217,1,21.156,,SOCK,,AWAIT CATEGORY,M,SCK1
PRICELIST,12517XL,PRODUCT DESCRIPTION 173,96,70,PR,30216,311217,1,20.157,,SOCK,,C/SOF SPT PR WM,M,SCK1
PRICELIST,12518XXL,PRODUCT DESCRIPTION 174,96,70,PR,30216,311217,1,21.157,,SOCK,,C/SOF SPT PR WM,M,SCK1
PRICELIST,12519S,PRODUCT DESCRIPTION 175,96,70,PR,30216,311217,1,20.158,,SOCK,,C/SOF SPT PR WM,M,SCK1
PRICELIST,12520M,PRODUCT DESCRIPTION 176,96,70,PR,30216,311217,1,21.158,,SOCK,,C/SOF SPT PR WM,M,SCK1
PRICELIST,12521L,PRODUCT DESCRIPTION 177,96,70,PR,30216,311217,1,20.159,,SOCK,,C/SOF SPT PR WM,M,SCK1
PRICELIST,12522XL,PRODUCT DESCRIPTION 178,96,70,PR,30216,311217,1,21.159,,SOCK,,C/SOF SPT PR WM,C,SCK1
PRICELIST,12523XXL,PRODUCT DESCRIPTION 179,96,70,PR,30216,311217,1,20.160,,SOCK,,AWAIT CATEGORY,M,SCK1
PRICELIST,12524S,PRODUCT DESCRIPTION 180,96,70,PR,30216,311217,1,21.160,,SOCK,,C/SOF SPT PR WM,M,SCK1
PRICELIST,12525M,PRODUCT DESCRIPTION 181,96,70,SIX,30216,311217,1,20.161,,SOCK,,AWAIT CATEGORY,M,SCK1
PRICELIST,12526L,PRODUCT DESCRIPTION 182,96,70,PR,30216,311217,1,21.161,,SOCK,,AWAIT CATEGORY,M,SCK1
PRICELIST,12527XL,PRODUCT DESCRIPTION 183,96,70,PR,30216,311217,1,20.162,,SOCK,,AWAIT CATEGORY,M,SCK1
PRICELIST,12528XXL,PRODUCT DESCRIPTION 184,96,70,PR,30216,311217,1,21.162,,SOCK,,AWAIT CATEGORY,M,SCK1
PRICELIST,12529S,PRODUCT DESCRIPTION 185,96,70,PR,30216,311217,1,20.163,,SOCK,,AWAIT CATEGORY,M,SCK1
PRICELIST,12530M,PRODUCT DESCRIPTION 186,96,70,PR,30216,311217,1,21.163,,SOCK,,C/SOF SPT PR WM,M,SCK1
PRICELIST,12531L,PRODUCT DESCRIPTION 187,96,70,PR,30216,311217,1,20.164,,SOCK,,C/SOF SPT PR WM,M,SCK1
PRICELIST,12532XL,PRODUCT DESCRIPTION 188,96,70,PR,30216,311217,1,21.164,,SOCK,,AWAIT CATEGORY,M,SCK1
PRICELIST,12533XXL,PRODUCT DESCRIPTION 189,96,70,PR,30216,311217,1,20.165,,SOCK,,C/SOF SPT PR WM,M,SCK1
PRICELIST,12534S,PRODUCT DESCRIPTION 190,96,70,PR,30216,311217,1,21.165,,SOCK,,AWAIT CATEGORY,M,SCK1
PRICELIST,12535M,PRODUCT DESCRIPTION 191,96,70,PK,30216,311217,1,20.166,,SOCK,,AWAIT CATEGORY,M,SCK1
PRICELIST,12536L,PRODUCT DESCRIPTION 192,96,70,PK,30216,311217,1,21.166,,SOCK,,AWAIT CATEGORY,M,SCK1
PRICELIST,12537XL,PRODUCT DESCRIPTION 193,96,70,PK,30216,311217,1,20.167,,SOCK,,AWAIT CATEGORY,M,SCK1
PRICELIST,12538XXL,PRODUCT DESCRIPTION 194,96,70,PR,30216,311217,1,21.167,,SOCK,,AWAIT CATEGORY,M,SCK1
PRICELIST,12539S,PRODUCT DESCRIPTION 195,96,70,PR,30216,311217,1,20.168,,SOCK,,AWAIT CATEGORY,M,SCK1
PRICELIST,12540M,PRODUCT DESCRIPTION 196,96,70,PR,30216,311217,1,21.168,,SOCK,,AWAIT CATEGORY,M,SCK1
PRICELIST,12541L,PRODUCT DESCRIPTION 197,96,70,PR,30216,311217,1,20.169,,SOCK,,AWAIT CATEGORY,M,SCK1
PRICELIST,12542XL,PRODUCT DESCRIPTION 198,96,70,PR,30216,311217,1,21.169,,SOCK,,AWAIT CATEGORY,M,SCK1
PRICELIST,12543XXL,PRODUCT DESCRIPTION 199,96,70,PR,30216,311217,1,20.170,,SOCK,,AWAIT CATEGORY,M,SCK1
PRICELIST,12544S,PRODUCT DESCRIPTION 200,96,70,PR,30216,311217,1,21.170,,SOCK,,AWAIT CATEGORY,M,SCK1
PRICELIST,12545M,PRODUCT DESCRIPTION 201,96,70,PR,30216,311217,1,20.171,,SOCK,,AWAIT CATEGORY,M,SCK1
PRICELIST,12546L,PRODUCT DESCRIPTION 202,96,70,PR,30216,311217,1,21.171,,SOCK,,AWAIT CATEGORY,M,SCK1
PRICELIST,12547XL,PRODUCT DESCRIPTION 203,96,70,PR,30216,311217,1,20.172,,SOCK,,AWAIT CATEGORY,M,SCK1
PRICELIST,12548XXL,PRODUCT DESCRIPTION 204,96,70,PR,30216,311217,1,21.172,,SOCK,,AWAIT CATEGORY,M,SCK1
PRICELIST,12549S,PRODUCT DESCRIPTION 205,96,70,PR,30216,311217,1,20.173,,SOCK,,AWAIT CATEGORY,M,SCK1
PRICELIST,12550M,PRODUCT DESCRIPTION 206,96,70,PR,30216,311217,1,21.173,,SOCK,,AWAIT CATEGORY,M,SCK1
PRICELIST,12551L,PRODUCT DESCRIPTION 207,96,70,PR,30216,311217,1,20.174,,SOCK,,AWAIT CATEGORY,M,SCK1
PRICELIST,12552XL,PRODUCT DESCRIPTION 208,96,70,PR,30216,311217,1,21.174,,SOCK,,AWAIT CATEGORY,M,SCK1
PRICELIST,12553XXL,PRODUCT DESCRIPTION 209,96,70,PR,30216,311217,1,20.175,,SOCK,,AWAIT CATEGORY,M,SCK1
PRICELIST,12554S,PRODUCT DESCRIPTION 210,96,70,PR,30216,311217,1,21.175,,SOCK,,AWAIT CATEGORY,M,SCK1
PRICELIST,12555M,PRODUCT DESCRIPTION 211,96,70,PR,30216,311217,1,20.176,,SOCK,,AWAIT CATEGORY,M,SCK1
PRICELIST,12556L,PRODUCT DESCRIPTION 212,96,70,PR,30216,311217,1,21.176,,SOCK,,AWAIT CATEGORY,M,SCK1
PRICELIST,12557XL,PRODUCT DESCRIPTION 213,95,70,PR,30216,311217,1,20.177,,SOCK,,AWAIT CATEGORY,M,SCK1
PRICELIST,12558XXL,PRODUCT DESCRIPTION 214,95,70,PR,30216,311217,1,21.177,,SOCK,,AWAIT CATEGORY,M,SCK1
PRICELIST,12559S,PRODUCT DESCRIPTION 215,95,70,PR,30216,311217,1,20.178,,SOCK,,AWAIT CATEGORY,M,SCK1
PRICELIST,12560M,PRODUCT DESCRIPTION 216,95,70,PR,30216,311217,1,21.178,,SOCK,,AWAIT CATEGORY,M,SCK1
PRICELIST,12561L,PRODUCT DESCRIPTION 217,95,70,PR,30216,311217,1,20.179,,SOCK,,AWAIT CATEGORY,M,SCK1
PRICELIST,12562XL,PRODUCT DESCRIPTION 218,95,70,PR,30216,311217,1,21.179,,SOCK,,AWAIT CATEGORY,M,SCK1
PRICELIST,12563XXL,PRODUCT DESCRIPTION 219,95,70,PR,30216,311217,1,20.180,,SOCK,,AWAIT CATEGORY,M,SCK1
PRICELIST,12564S,PRODUCT DESCRIPTION 220,95,70,PR,30216,311217,1,21.180,,SOCK,,AWAIT CATEGORY,M,SCK1
PRICELIST,12565M,PRODUCT DESCRIPTION 221,95,70,PR,30216,311217,1,20.181,,SOCK,,AWAIT CATEGORY,M,SCK1
PRICELIST,12566L,PRODUCT DESCRIPTION 222,95,70,PR,30216,311217,1,21.181,,SOCK,,AWAIT CATEGORY,M,SCK1
PRICELIST,12567XL,PRODUCT DESCRIPTION 223,95,70,PR,30216,311217,1,20.182,,SOCK,,AWAIT CATEGORY,M,SCK1
PRICELIST,12568XXL,PRODUCT DESCRIPTION 224,95,70,PR,30216,311217,1,21.182,,SOCK,,AWAIT CATEGORY,M,SCK1
PRICELIST,12569S,PRODUCT DESCRIPTION 225,95,70,PR,30216,311217,1,20.183,,SOCK,,AWAIT CATEGORY,M,SCK1
PRICELIST,12570M,PRODUCT DESCRIPTION 226,95,70,PR,30216,311217,1,21.183,,SOCK,,AWAIT CATEGORY,M,SCK1
PRICELIST,12571L,PRODUCT DESCRIPTION 227,95,70,PR,30216,311217,1,20.184,,SOCK,,AWAIT CATEGORY,C,SCK1
PRICELIST,12572XL,PRODUCT DESCRIPTION 228,95,70,PR,30216,311217,1,21.184,,SOCK,,AWAIT CATEGORY,M,SCK1
PRICELIST,12573XXL,PRODUCT DESCRIPTION 229,95,70,PR,30216,311217,1,20.185,,SOCK,,AWAIT CATEGORY,M,SCK1
PRICELIST,12574S,PRODUCT DESCRIPTION 230,95,70,PR,30216,311217,1,21.185,,SOCK,,AWAIT CATEGORY,M,SCK1
PRICELIST,12575M,PRODUCT DESCRIPTION 231,95,70,PR,30216,311217,1,20.186,,SOCK,,AWAIT CATEGORY,M,SCK1
PRICELIST,12576L,PRODUCT DESCRIPTION 232,95,70,PR,30216,311217,1,21.186,,SOCK,,AWAIT CATEGORY,M,SCK1
PRICELIST,12577XL,PRODUCT DESCRIPTION 233,95,70,PR,30216,311217,1,20.187,,SOCK,,AWAIT CATEGORY,M,SCK1
PRICELIST,12578XXL,PRODUCT DESCRIPTION 234,95,70,PR,30216,311217,1,21.187,,SOCK,,AWAIT CATEGORY,M,SCK1
PRICELIST,12579S,PRODUCT DESCRIPTION 235,95,70,PR,30216,311217,1,20.188,,SOCK,,AWAIT CATEGORY,M,SCK1
PRICELIST,12580M,PRODUCT DESCRIPTION 236,95,70,PR,30216,311217,1,21.188,,SOCK,,AWAIT CATEGORY,M,SCK1
PRICELIST,12581L,PRODUCT DESCRIPTION 237,95,70,PR,30216,311217,1,20.189,,SOCK,,AWAIT CATEGORY,M,SCK1
PRICELIST,12582XL,PRODUCT DESCRIPTION 238,95,70,PR,30216,311217,1,21.189,,SOCK,,AWAIT CATEGORY,M,SCK1
PRICELIST,12583XXL,PRODUCT DESCRIPTION 239,95,70,PR,30216,311217,1,20.190,,SOCK,,AWAIT CATEGORY,M,SCK1
PRICELIST,12584S,PRODUCT DESCRIPTION 240,95,70,PR,30216,311217,1,21.190,,SOCK,,AWAIT CATEGORY,M,SCK1
PRICELIST,12585M,PRODUCT DESCRIPTION 241,95,70,PR,30216,311217,1,20.191,,SOCK,,AWAIT CATEGORY,M,SCK1
PRICELIST,12586L,PRODUCT DESCRIPTION 242,95,70,PR,30216,311217,1,21.191,,SOCK,,AWAIT CATEGORY,M,SCK1
PRICELIST,12587XL,PRODUCT DESCRIPTION 243,95,70,PR,30216,311217,1,20.192,,SOCK,,AWAIT CATEGORY,M,SCK1
PRICELIST,12588S,PRODUCT DESCRIPTION 244,95,70,PR,30216,311217,1,21.192,,SOCK,,AWAIT CATEGORY,M,SCK1
PRICELIST,12589M,PRODUCT DESCRIPTION 245,95,70,PR,30216,311217,1,20.193,,SOCK,,AWAIT CATEGORY,M,SCK1
PRICELIST,12590L,PRODUCT DESCRIPTION 246,95,70,PR,30216,311217,1,21.193,,SOCK,,AWAIT CATEGORY,M,SCK1
PRICELIST,12591XL,PRODUCT DESCRIPTION 247,95,70,PR,30216,311217,1,20.194,,SOCK,,AWAIT CATEGORY,M,SCK1
PRICELIST,12592XXL,PRODUCT DESCRIPTION 248,95,70,PR,30216,311217,1,21.194,,SOCK,,AWAIT CATEGORY,M,SCK1
PRICELIST,12593S,PRODUCT DESCRIPTION 249,95,70,PR,30216,311217,1,20.195,,SOCK,,AWAIT CATEGORY,M,SCK1
PRICELIST,12594M,PRODUCT DESCRIPTION 250,95,70,PR,30216,311217,1,21.195,,SOCK,,AWAIT CATEGORY,M,SCK1
PRICELIST,12595L,PRODUCT DESCRIPTION 251,95,70,PR,30216,311217,1,20.196,,SOCK,,AWAIT CATEGORY,M,SCK1
PRICELIST,12596XL,PRODUCT DESCRIPTION 252,95,70,PR,30216,311217,1,21.196,,SOCK,,AWAIT CATEGORY,M,SCK1
PRICELIST,12597XXL,PRODUCT DESCRIPTION 253,95,70,PR,30216,311217,1,20.197,,SOCK,,AWAIT CATEGORY,M,SCK1
PRICELIST,12598S,PRODUCT DESCRIPTION 254,95,70,PR,30216,311217,1,21.197,,SOCK,,AWAIT CATEGORY,M,SCK1
PRICELIST,12599M,PRODUCT DESCRIPTION 255,95,70,PR,30216,311217,1,20.198,,SOCK,,AWAIT CATEGORY,M,SCK1
PRICELIST,12600L,PRODUCT DESCRIPTION 256,95,70,PR,30216,311217,1,21.198,,SOCK,,AWAIT CATEGORY,M,SCK1
PRICELIST,12601XL,PRODUCT DESCRIPTION 257,95,70,PR,30216,311217,1,20.199,,SOCK,,AWAIT CATEGORY,M,SCK1
PRICELIST,12602XXL,PRODUCT DESCRIPTION 258,95,70,PR,30216,311217,1,21.199,,SOCK,,AWAIT CATEGORY,M,SCK1
PRICELIST,12603S,PRODUCT DESCRIPTION 259,95,70,PR,30216,311217,1,20.200,,SOCK,,AWAIT CATEGORY,M,SCK1
PRICELIST,12604M,PRODUCT DESCRIPTION 260,8Y,80,EA,30216,311217,1,21.200,,FACC,,AWAIT CATEGORY,M,NODS
PRICELIST,12605L,PRODUCT DESCRIPTION 261,8K,67,EA,30216,311217,1,20.201,,RAIN,,AWAIT CATEGORY,C,FJOW
PRICELIST,12606XL,PRODUCT DESCRIPTION 262,8I,67,EA,30216,311217,1,21.201,,RAIN,,AWAIT CATEGORY,C,FJOW
PRICELIST,12607XXL,PRODUCT DESCRIPTION 263,8D,67,EA,30216,311217,1,20.202,,RAIN,,AWAIT CATEGORY,M,FJOW
PRICELIST,12608S,PRODUCT DESCRIPTION 264,8B,67,EA,30216,311217,1,21.202,,RAIN,,AWAIT CATEGORY,M,FJOW
PRICELIST,12609M,PRODUCT DESCRIPTION 265,8A,67,PR,30216,311217,1,20.203,,RAIN,,DJ PERF L/R TRS,M,FJOW
PRICELIST,12610L,PRODUCT DESCRIPTION 266,8A,67,EA,30216,311217,1,21.203,,RAIN,,AWAIT CATEGORY,M,FJOW
PRICELIST,12611XL,PRODUCT DESCRIPTION 267,8A,67,EA,30216,311217,1,20.204,,RAIN,,AWAIT CATEGORY,M,FJOW
PRICELIST,12612XXL,PRODUCT DESCRIPTION 268,8A,67,EA,30216,311217,1,21.204,,RAIN,,AWAIT CATEGORY,C,FJOW
PRICELIST,12613S,PRODUCT DESCRIPTION 269,89,60,PR,30216,311217,1,20.205,,SHOE,,MYJOYS DRYJOYS,M,NSDS
PRICELIST,12614M,PRODUCT DESCRIPTION 270,89,60,PR,30216,311217,1,21.205,,SHOE,,MYJOYS DRYJOYS,M,NSDS
PRICELIST,12615L,PRODUCT DESCRIPTION 271,88,70,PR,30216,311217,1,20.206,,SOCK,,AWAIT CATEGORY,C,SCK1
PRICELIST,12616XL,PRODUCT DESCRIPTION 272,88,70,PR,30216,311217,1,21.206,,SOCK,,AWAIT CATEGORY,C,SCK1
PRICELIST,12617XXL,PRODUCT DESCRIPTION 273,87,99,EA,30216,311217,1,20.207,,TACC,N,AWAIT CATEGORY,C,NADS
PRICELIST,12618S,PRODUCT DESCRIPTION 274,87,99,EA,30216,311217,1,21.207,,TACC,N,AWAIT CATEGORY,M,NADS
PRICELIST,12619M,PRODUCT DESCRIPTION 275,87,99,EA,30216,311217,1,20.208,,TACC,N,AWAIT CATEGORY,M,NADS
PRICELIST,12620L,PRODUCT DESCRIPTION 276,87,99,EA,30216,311217,1,21.208,,TACC,N,AWAIT CATEGORY,M,NADS
PRICELIST,12621XL,PRODUCT DESCRIPTION 277,87,99,EA,30216,311217,1,20.209,,TACC,N,AWAIT CATEGORY,M,NADS
PRICELIST,12622XXL,PRODUCT DESCRIPTION 278,87,99,EA,30216,311217,1,21.209,,TACC,N,AWAIT CATEGORY,M,NADS
PRICELIST,12623S,PRODUCT DESCRIPTION 279,87,99,EA,30216,311217,1,20.210,,TACC,N,AWAIT CATEGORY,M,NADS
PRICELIST,12624M,PRODUCT DESCRIPTION 280,87,99,EA,30216,311217,1,21.210,,TACC,N,AWAIT CATEGORY,M,NADS
PRICELIST,12625L,PRODUCT DESCRIPTION 281,87,99,EA,30216,311217,1,20.211,,TACC,N,AWAIT CATEGORY,M,NADS
PRICELIST,12626XL,PRODUCT DESCRIPTION 282,87,99,EA,30216,311217,1,21.211,,TACC,N,AWAIT CATEGORY,M,NADS
PRICELIST,12627XXL,PRODUCT DESCRIPTION 283,87,99,EA,30216,311217,1,20.212,,TACC,N,AWAIT CATEGORY,C,NADS
PRICELIST,12628S,PRODUCT DESCRIPTION 284,87,99,EA,30216,311217,1,21.212,,TACC,N,AWAIT CATEGORY,C,NADS
PRICELIST,12629M,PRODUCT DESCRIPTION 285,87,99,EA,30216,311217,1,20.213,,TACC,N,AWAIT CATEGORY,C,NADS
PRICELIST,12630L,PRODUCT DESCRIPTION 286,87,99,EA,30216,311217,1,21.213,,TACC,N,AWAIT CATEGORY,M,NADS
PRICELIST,12631XL,PRODUCT DESCRIPTION 287,87,99,EA,30216,311217,1,20.214,,TACC,N,AWAIT CATEGORY,M,NADS
PRICELIST,12632XXL,PRODUCT DESCRIPTION 288,87,99,EA,30216,311217,1,21.214,,TACC,N,AWAIT CATEGORY,M,NADS
PRICELIST,12633S,PRODUCT DESCRIPTION 289,87,99,EA,30216,311217,1,20.215,,TACC,N,AWAIT CATEGORY,M,NADS
PRICELIST,12634M,PRODUCT DESCRIPTION 290,87,99,EA,30216,311217,1,21.215,,TACC,N,AWAIT CATEGORY,C,NADS
PRICELIST,12635L,PRODUCT DESCRIPTION 291,87,99,EA,30216,311217,1,20.216,,TACC,N,AWAIT CATEGORY,M,NADS
PRICELIST,12636XL,PRODUCT DESCRIPTION 292,87,99,EA,30216,311217,1,21.216,,TACC,N,AWAIT CATEGORY,M,NADS
PRICELIST,12637XXL,PRODUCT DESCRIPTION 293,87,99,EA,30216,311217,1,20.217,,TACC,N,AWAIT CATEGORY,C,NADS
PRICELIST,12638S,PRODUCT DESCRIPTION 294,87,99,EA,30216,311217,1,21.217,,TACC,N,AWAIT CATEGORY,M,NADS
PRICELIST,12639M,PRODUCT DESCRIPTION 295,87,99,EA,30216,311217,1,20.218,,TACC,N,AWAIT CATEGORY,M,NADS
PRICELIST,12640L,PRODUCT DESCRIPTION 296,87,99,EA,30216,311217,1,21.218,,TACC,N,AWAIT CATEGORY,M,NADS
PRICELIST,12641XL,PRODUCT DESCRIPTION 297,87,99,EA,30216,311217,1,20.219,,TACC,N,AWAIT CATEGORY,M,NADS
PRICELIST,12642XXL,PRODUCT DESCRIPTION 298,87,99,DZ,30216,311217,1,21.219,,TACC,N,AWAIT CATEGORY,M,NADS
PRICELIST,12643S,PRODUCT DESCRIPTION 299,87,99,EA,30216,311217,1,20.220,,TACC,N,AWAIT CATEGORY,C,NADS
PRICELIST,12644M,PRODUCT DESCRIPTION 300,87,99,EA,30216,311217,1,21.220,,TACC,N,AWAIT CATEGORY,M,NADS
PRICELIST,12645L,PRODUCT DESCRIPTION 301,87,99,EA,30216,311217,1,20.221,,TACC,N,AWAIT CATEGORY,M,NADS
PRICELIST,12646XL,PRODUCT DESCRIPTION 302,87,99,EA,30216,311217,1,21.221,,TACC,N,AWAIT CATEGORY,M,NADS
PRICELIST,12647XXL,PRODUCT DESCRIPTION 303,87,99,EA,30216,311217,1,20.222,,TACC,N,AWAIT CATEGORY,C,NADS
PRICELIST,12648S,PRODUCT DESCRIPTION 304,87,99,DZ,30216,311217,1,21.222,,TACC,N,AWAIT CATEGORY,M,NADS
PRICELIST,12649M,PRODUCT DESCRIPTION 305,87,99,EA,30216,311217,1,20.223,,TACC,N,AWAIT CATEGORY,M,NADS
PRICELIST,12650L,PRODUCT DESCRIPTION 306,87,99,EA,30216,311217,1,21.223,,TACC,N,AWAIT CATEGORY,M,NADS
PRICELIST,12651XL,PRODUCT DESCRIPTION 307,87,99,EA,30216,311217,1,20.224,,TACC,N,AWAIT CATEGORY,C,NADS
PRICELIST,12652XXL,PRODUCT DESCRIPTION 308,87,99,EA,30216,311217,1,21.224,,TACC,N,AWAIT CATEGORY,M,NADS
PRICELIST,12653S,PRODUCT DESCRIPTION 309,87,99,EA,30216,311217,1,20.225,,TACC,N,AWAIT CATEGORY,M,NADS
PRICELIST,12654M,PRODUCT DESCRIPTION 310,87,99,EA,30216,311217,1,21.225,,TACC,N,AWAIT CATEGORY,M,NADS
PRICELIST,12655L,PRODUCT DESCRIPTION 311,87,99,EA,30216,311217,1,20.226,,TACC,N,AWAIT CATEGORY,M,NADS
PRICELIST,12656XL,PRODUCT DESCRIPTION 312,87,99,EA,30216,311217,1,21.226,,TACC,N,AWAIT CATEGORY,M,NADS
PRICELIST,12657XXL,PRODUCT DESCRIPTION 313,87,99,EA,30216,311217,1,20.227,,TACC,N,AWAIT CATEGORY,M,NADS
PRICELIST,12658S,PRODUCT DESCRIPTION 314,87,99,EA,30216,311217,1,21.227,,TACC,N,AWAIT CATEGORY,M,NADS
PRICELIST,12659M,PRODUCT DESCRIPTION 315,87,99,EA,30216,311217,1,20.228,,TACC,N,AWAIT CATEGORY,M,NADS
PRICELIST,12660L,PRODUCT DESCRIPTION 316,87,99,EA,30216,311217,1,21.228,,TACC,N,AWAIT CATEGORY,M,NADS
PRICELIST,12661XL,PRODUCT DESCRIPTION 317,85,50,BX,30216,311217,1,20.229,,TACC,N,AWAIT CATEGORY,M,TACC
PRICELIST,12662XXL,PRODUCT DESCRIPTION 318,83,50,EA,30216,311217,1,21.229,,TACC,N,AWAIT CATEGORY,M,TACC
PRICELIST,12663S,PRODUCT DESCRIPTION 319,79,45,EA,30216,311217,1,20.230,,TGLV,,AWAIT CATEGORY,M,TGLV
PRICELIST,12664M,PRODUCT DESCRIPTION 320,79,45,EA,30216,311217,1,21.230,,TGLV,,AWAIT CATEGORY,M,TGLV
PRICELIST,12665L,PRODUCT DESCRIPTION 321,78,45,EA,30216,311217,1,20.231,,TGLV,,AWAIT CATEGORY,M,TGLV
PRICELIST,12666XL,PRODUCT DESCRIPTION 322,77,45,EA,30216,311217,1,21.231,,TGLV,,PERMA-SOFT,M,TGLV
PRICELIST,12667XXL,PRODUCT DESCRIPTION 323,77,45,EA,30216,311217,1,20.232,,TGLV,,PERMA-SOFT,M,TGLV
PRICELIST,12668S,PRODUCT DESCRIPTION 324,77,45,EA,30216,311217,1,21.232,,TGLV,,PERMA-SOFT,M,TGLV
PRICELIST,12669M,PRODUCT DESCRIPTION 325,77,45,EA,30216,311217,1,20.233,,TGLV,,PERMA-SOFT,M,TGLV
PRICELIST,12670L,PRODUCT DESCRIPTION 326,4X,40,EA,30216,311217,1,21.233,,FGLV,,AWAIT CATEGORY,M,FGLV
PRICELIST,12671XL,PRODUCT DESCRIPTION 327,4X,40,EA,30216,311217,1,20.234,,FGLV,,AWAIT CATEGORY,C,FGLV
PRICELIST,12672XXL,PRODUCT DESCRIPTION 328,4R,40,EA,30216,311217,1,21.234,,FGLV,,AWAIT CATEGORY,C,FGLV
PRICELIST,12673S,PRODUCT DESCRIPTION 329,4L,40,PK,30216,311217,1,20.235,,FGLV,,AWAIT CATEGORY,M,FGLV
PRICELIST,12674M,PRODUCT DESCRIPTION 330,4K,40,EA,30216,311217,1,21.235,,FGLV,,AWAIT CATEGORY,M,FGLV
PRICELIST,12675L,PRODUCT DESCRIPTION 331,4K,40,SIX,30216,311217,1,20.236,,FGLV,,AWAIT CATEGORY,C,FGLV
PRICELIST,12676XL,PRODUCT DESCRIPTION 332,4J,40,PR,30216,311217,1,21.236,,FGLV,,WINTERSOF,M,FGLV
PRICELIST,12677XXL,PRODUCT DESCRIPTION 333,4H,40,EA,30216,311217,1,20.237,,FGLV,,FOOTJOY JUNIOR,M,FGLV
PRICELIST,12678S,PRODUCT DESCRIPTION 334,4G,40,EA,30216,311217,1,21.237,,FGLV,,RAINGRIP EXTREM,M,FGLV
PRICELIST,12679M,PRODUCT DESCRIPTION 335,4G,40,EA,30216,311217,1,20.238,,FGLV,,RAINGRIP EXTREM,M,FGLV
PRICELIST,12680L,PRODUCT DESCRIPTION 336,4G,40,EA,30216,311217,1,21.238,,FGLV,,RAINGRIP EXTREM,M,FGLV
PRICELIST,12681XL,PRODUCT DESCRIPTION 337,4G,40,EA,30216,311217,1,20.239,,FGLV,,RAINGRIP EXTREM,M,FGLV
PRICELIST,12682XXL,PRODUCT DESCRIPTION 338,4F,40,EA,30216,311217,1,21.239,,FGLV,,AWAIT CATEGORY,M,FGLV
PRICELIST,12683S,PRODUCT DESCRIPTION 339,4F,40,PK,30216,311217,1,20.240,,FGLV,,WEATHERSOF PAIR,M,FGLV
PRICELIST,12684M,PRODUCT DESCRIPTION 340,4F,40,EA,30216,311217,1,21.240,,FGLV,,WEATHERSOF,M,FGLV
PRICELIST,12685L,PRODUCT DESCRIPTION 341,4F,40,EA,30216,311217,1,20.241,,FGLV,,WEATHERSOF,M,FGLV
PRICELIST,12686XL,PRODUCT DESCRIPTION 342,4F,40,PK,30216,311217,1,21.241,,FGLV,,WEATHERSOF PAIR,M,FGLV
PRICELIST,12687XXL,PRODUCT DESCRIPTION 343,4F,40,EA,30216,311217,1,20.242,,FGLV,,WEATHERSOF,M,FGLV
PRICELIST,12688S,PRODUCT DESCRIPTION 344,4F,40,EA,30216,311217,1,21.242,,FGLV,,AWAIT CATEGORY,M,FGLV
PRICELIST,12689M,PRODUCT DESCRIPTION 345,4F,40,DZ,30216,311217,1,20.243,,FGLV,,AWAIT CATEGORY,M,FGLV
PRICELIST,12690L,PRODUCT DESCRIPTION 346,4F,40,PR,30216,311217,1,21.243,,FGLV,,WEATHERSOF PAIR,C,FGLV
PRICELIST,12691XL,PRODUCT DESCRIPTION 347,4F,40,EA,30216,311217,1,20.244,,FGLV,,WEATHERSOF,M,FGLV
PRICELIST,12692XXL,PRODUCT DESCRIPTION 348,4F,40,EA,30216,311217,1,21.244,,FGLV,,WEATHERSOF,M,FGLV
PRICELIST,12693S,PRODUCT DESCRIPTION 349,4F,40,EA,30216,311217,1,20.245,,FGLV,,WEATHERSOF,M,FGLV
PRICELIST,12694M,PRODUCT DESCRIPTION 350,4F,40,EA,30216,311217,1,21.245,,FGLV,,WEATHERSOF,M,FGLV
PRICELIST,12695L,PRODUCT DESCRIPTION 351,4F,40,SIX,30216,311217,1,20.246,,FGLV,,AWAIT CATEGORY,C,FGLV
PRICELIST,12696XL,PRODUCT DESCRIPTION 352,4E,40,EA,30216,311217,1,21.246,,FGLV,,WEATHERSOF GTX,M,FGLV
PRICELIST,12697XXL,PRODUCT DESCRIPTION 353,4E,40,EA,30216,311217,1,20.247,,FGLV,,WEATHERSOF GTX,C,FGLV
PRICELIST,12698S,PRODUCT DESCRIPTION 354,4E,40,EA,30216,311217,1,21.247,,FGLV,,WEATHERSOF GTX,M,FGLV
PRICELIST,12699M,PRODUCT DESCRIPTION 355,4E,40,EA,30216,311217,1,20.248,,FGLV,,WEATHERSOF GTX,M,FGLV
PRICELIST,12700L,PRODUCT DESCRIPTION 356,4E,40,EA,30216,311217,1,21.248,,FGLV,,WEATHERSOF GTX,M,FGLV
PRICELIST,12701XL,PRODUCT DESCRIPTION 357,4E,40,EA,30216,311217,1,20.249,,FGLV,,WEATHERSOF GTX,M,FGLV
PRICELIST,12702XXL,PRODUCT DESCRIPTION 358,4E,40,EA,30216,311217,1,21.249,,FGLV,,AWAIT CATEGORY,M,FGLV
PRICELIST,12703S,PRODUCT DESCRIPTION 359,4E,40,EA,30216,311217,1,20.250,,FGLV,,WEATHERSOF GTX,M,FGLV
PRICELIST,12704M,PRODUCT DESCRIPTION 360,4D,40,EA,30216,311217,1,21.250,,FGLV,,SOFJOY (SMU),M,FGLV
PRICELIST,12705L,PRODUCT DESCRIPTION 361,4D,40,EA,30216,311217,1,20.251,,FGLV,,SOFJOY (SMU),M,FGLV
PRICELIST,12706XL,PRODUCT DESCRIPTION 362,4D,40,EA,30216,311217,1,21.251,,FGLV,,SOFJOY (SMU),M,FGLV
PRICELIST,12707XXL,PRODUCT DESCRIPTION 363,4C,40,EA,30216,311217,1,20.252,,FGLV,,SCIFLEX,C,FGLV
PRICELIST,12708S,PRODUCT DESCRIPTION 364,4C,40,EA,30216,311217,1,21.252,,FGLV,,SCIFLEX,M,FGLV
PRICELIST,12709M,PRODUCT DESCRIPTION 365,4C,40,EA,30216,311217,1,20.253,,FGLV,,SCIFLEX,C,FGLV
PRICELIST,12710L,PRODUCT DESCRIPTION 366,12,10,DZ,30216,311217,1,21.253,,BALL,,T.LOGO OVER-RUN,M,NODS
PRICELIST,12711XL,PRODUCT DESCRIPTION 367,06,40,EA,30216,311217,1,20.254,,FGLV,,QM WEATHERSOF,M,
PRICELIST,12712XXL,PRODUCT DESCRIPTION 368,06,40,EA,30216,311217,1,21.254,,FGLV,,QM WEATHERSOF,M,FGLV
PRICELIST,12713S,PRODUCT DESCRIPTION 369,06,40,EA,30216,311217,1,20.255,,FGLV,,QM WEATHERSOF,M,FGLV
PRICELIST,12714M,PRODUCT DESCRIPTION 370,06,40,EA,30216,311217,1,21.255,,FGLV,,AWAIT CATEGORY,C,
PRICELIST,12715L,PRODUCT DESCRIPTION 371,06,40,EA,30216,311217,1,20.256,,FGLV,,AWAIT CATEGORY,C,
PRICELIST,12716XL,PRODUCT DESCRIPTION 372,80,40,DZ,30216,311217,1,21.256,,FGLV,,AWAIT CATEGORY,C,NADS
PRICELIST,12717XXL,PRODUCT DESCRIPTION 373,06,40,EA,30216,311217,1,20.257,,FGLV,,QM WSOF GTX,C,FGLV
PRICELIST,12718S,PRODUCT DESCRIPTION 374,06,40,EA,30216,311217,1,21.257,,FGLV,,QM WSOF GTX,C,FGLV
PRICELIST,12719M,PRODUCT DESCRIPTION 375,06,40,EA,30216,311217,1,20.258,,FGLV,,QM WSOF GTX,C,FGLV
PRICELIST,12720L,PRODUCT DESCRIPTION 376,06,40,EA,30216,311217,1,21.258,,FGLV,,QM WEATHERSOF,M,FGLV
PRICELIST,12721XL,PRODUCT DESCRIPTION 377,06,40,EA,30216,311217,1,20.259,,FGLV,,QM WEATHERSOF,M,FGLV
PRICELIST,12722XXL,PRODUCT DESCRIPTION 378,06,40,EA,30216,311217,1,21.259,,FGLV,,QM WEATHERSOF,M,
PRICELIST,12723S,PRODUCT DESCRIPTION 379,06,40,EA,30216,311217,1,20.260,,FGLV,,QM WEATHERSOF,M,
PRICELIST,12724M,PRODUCT DESCRIPTION 380,06,40,EA,30216,311217,1,21.260,,FGLV,,QM WEATHERSOF,M,
PRICELIST,12725L,PRODUCT DESCRIPTION 381,06,40,EA,30216,311217,1,20.261,,FGLV,,QM STA SOF,M,FGLV
PRICELIST,12726XL,PRODUCT DESCRIPTION 382,06,40,EA,30216,311217,1,21.261,,FGLV,,QM STA SOF,M,
PRICELIST,12727XXL,PRODUCT DESCRIPTION 383,06,40,EA,30216,311217,1,20.262,,FGLV,,QM WSOF GTX,C,FGLV
PRICELIST,12728S,PRODUCT DESCRIPTION 384,06,40,EA,30216,311217,1,21.262,,FGLV,,QM STA SOF,M,
PRICELIST,12729M,PRODUCT DESCRIPTION 385,06,40,EA,30216,311217,1,20.263,,FGLV,,AWAIT CATEGORY,C,
PRICELIST,12730L,PRODUCT DESCRIPTION 386,12,10,DZ,30216,311217,1,21.263,,BALL,,PRACTICE BALLS,M,NODS
PRICELIST,12731XL,PRODUCT DESCRIPTION 387,12,10,DZ,30216,311217,1,20.264,,BALL,,AWAIT CATEGORY,M,NODS
PRICELIST,12732XXL,PRODUCT DESCRIPTION 388,9D,60,PR,30216,311217,1,21.264,,SHOE,,SUMMER S. ECOMF,M,FJ1
PRICELIST,12733S,PRODUCT DESCRIPTION 389,HG,40,EA,30216,311217,1,20.265,,FGLV,,Q MARK W/SOF,C,FGLV
PRICELIST,12734M,PRODUCT DESCRIPTION 390,HE,40,EA,30216,311217,1,21.265,,FGLV,,AWAIT CATEGORY,C,FGLV
PRICELIST,12735L,PRODUCT DESCRIPTION 391,HD,40,EA,30216,311217,1,20.266,,FGLV,,Q MARK SCIFLEX,C,FGLV
PRICELIST,12736XL,PRODUCT DESCRIPTION 392,C8,97,EA,30216,311217,1,21.266,,,N,AWAIT CATEGORY,M,CACC
PRICELIST,12737XXL,PRODUCT DESCRIPTION 393,C8,97,EA,30216,311217,1,20.267,,,N,AWAIT CATEGORY,M,CACC
PRICELIST,12738S,PRODUCT DESCRIPTION 394,C8,97,DZ,30216,311217,1,21.267,,,N,AWAIT CATEGORY,M,CACC
PRICELIST,12739M,PRODUCT DESCRIPTION 395,C8,97,EA,30216,311217,1,20.268,,,N,AWAIT CATEGORY,M,CACC
PRICELIST,12740L,PRODUCT DESCRIPTION 396,C8,97,EA,30216,311217,1,21.268,,,N,AWAIT CATEGORY,M,CACC
PRICELIST,12741XL,PRODUCT DESCRIPTION 397,C8,97,EA,30216,311217,1,20.269,,,N,AWAIT CATEGORY,M,CACC
PRICELIST,12742XXL,PRODUCT DESCRIPTION 398,C8,97,EA,30216,311217,1,21.269,,,N,AWAIT CATEGORY,M,CACC
PRICELIST,12743S,PRODUCT DESCRIPTION 399,C8,97,EA,30216,311217,1,20.270,,,N,AWAIT CATEGORY,M,CACC
PRICELIST,12744M,PRODUCT DESCRIPTION 400,C8,97,EA,30216,311217,1,21.270,,,N,AWAIT CATEGORY,M,CACC
PRICELIST,12745L,PRODUCT DESCRIPTION 401,C8,97,EA,30216,311217,1,20.271,,,N,AWAIT CATEGORY,M,CACC
PRICELIST,12746XL,PRODUCT DESCRIPTION 402,C8,97,EA,30216,311217,1,21.271,,,N,AWAIT CATEGORY,M,CACC
PRICELIST,12747XXL,PRODUCT DESCRIPTION 403,C8,97,EA,30216,311217,1,20.272,,,N,AWAIT CATEGORY,M,CACC
PRICELIST,12748S,PRODUCT DESCRIPTION 404,C8,97,EA,30216,311217,1,21.272,,,N,AWAIT CATEGORY,M,CACC
PRICELIST,12749M,PRODUCT DESCRIPTION 405,C8,97,EA,30216,311217,1,20.273,,,N,AWAIT CATEGORY,M,CACC
PRICELIST,12750L,PRODUCT DESCRIPTION 406,C8,97,EA,30216,311217,1,21.273,,,N,AWAIT CATEGORY,M,CACC
PRICELIST,12751XL,PRODUCT DESCRIPTION 407,C8,97,EA,30216,311217,1,20.274,,,N,AWAIT CATEGORY,M,CACC
PRICELIST,12752XXL,PRODUCT DESCRIPTION 408,C8,97,EA,30216,311217,1,21.274,,,N,AWAIT CATEGORY,M,CACC
PRICELIST,12753S,PRODUCT DESCRIPTION 409,C8,97,EA,30216,311217,1,20.275,,,N,AWAIT CATEGORY,M,CACC
PRICELIST,12754M,PRODUCT DESCRIPTION 410,C8,97,EA,30216,311217,1,21.275,,,N,AWAIT CATEGORY,M,CACC
PRICELIST,12755L,PRODUCT DESCRIPTION 411,C8,97,EA,30216,311217,1,20.276,,,N,AWAIT CATEGORY,M,CACC
PRICELIST,12756XL,PRODUCT DESCRIPTION 412,C8,97,DZ,30216,311217,1,21.276,,,N,AWAIT CATEGORY,M,CACC
PRICELIST,12757XXL,PRODUCT DESCRIPTION 413,C8,97,EA,30216,311217,1,20.277,,,N,AWAIT CATEGORY,M,CACC
PRICELIST,12758S,PRODUCT DESCRIPTION 414,C8,97,EA,30216,311217,1,21.277,,,N,AWAIT CATEGORY,M,CACC
PRICELIST,12759M,PRODUCT DESCRIPTION 415,C8,97,EA,30216,311217,1,20.278,,,N,AWAIT CATEGORY,M,CACC
PRICELIST,12760L,PRODUCT DESCRIPTION 416,C8,97,EA,30216,311217,1,21.278,,,N,AWAIT CATEGORY,M,CACC
PRICELIST,12761XL,PRODUCT DESCRIPTION 417,C8,97,EA,30216,311217,1,20.279,,,N,AWAIT CATEGORY,M,CACC
PRICELIST,12762S,PRODUCT DESCRIPTION 418,C8,97,EA,30216,311217,1,21.279,,,N,AWAIT CATEGORY,M,CACC
PRICELIST,12763M,PRODUCT DESCRIPTION 419,C8,97,EA,30216,311217,1,20.280,,,N,AWAIT CATEGORY,M,CACC
PRICELIST,12764L,PRODUCT DESCRIPTION 420,C8,97,EA,30216,311217,1,21.280,,,N,AWAIT CATEGORY,M,CACC
PRICELIST,12765XL,PRODUCT DESCRIPTION 421,C8,97,EA,30216,311217,1,20.281,,,N,AWAIT CATEGORY,M,CACC
PRICELIST,12766XXL,PRODUCT DESCRIPTION 422,C8,97,EA,30216,311217,1,21.281,,,N,AWAIT CATEGORY,M,CACC
PRICELIST,12767S,PRODUCT DESCRIPTION 423,C8,97,EA,30216,311217,1,20.282,,,N,AWAIT CATEGORY,M,CACC
PRICELIST,12768M,PRODUCT DESCRIPTION 424,C8,97,EA,30216,311217,1,21.282,,,N,AWAIT CATEGORY,M,CACC
PRICELIST,12769L,PRODUCT DESCRIPTION 425,C8,97,EA,30216,311217,1,20.283,,,N,AWAIT CATEGORY,M,CACC
PRICELIST,12770XL,PRODUCT DESCRIPTION 426,C8,97,EA,30216,311217,1,21.283,,,N,AWAIT CATEGORY,M,CACC
PRICELIST,12771XXL,PRODUCT DESCRIPTION 427,C7,96,EA,30216,311217,1,20.284,,,,AWAIT CATEGORY,M,CBAG
PRICELIST,12772S,PRODUCT DESCRIPTION 428,C7,96,EA,30216,311217,1,21.284,,,,AWAIT CATEGORY,M,CBAG
PRICELIST,12773M,PRODUCT DESCRIPTION 429,C6,97,EA,30216,311217,1,20.285,,,,AWAIT CATEGORY,M,CACC
PRICELIST,12774L,PRODUCT DESCRIPTION 430,C6,97,EA,30216,311217,1,21.285,,,,AWAIT CATEGORY,M,CACC
PRICELIST,12775XL,PRODUCT DESCRIPTION 431,C6,97,EA,30216,311217,1,20.286,,,,AWAIT CATEGORY,M,CACC
PRICELIST,12776XXL,PRODUCT DESCRIPTION 432,C6,97,EA,30216,311217,1,21.286,,,,AWAIT CATEGORY,M,CACC
PRICELIST,12777S,PRODUCT DESCRIPTION 433,C6,97,EA,30216,311217,1,20.287,,,,AWAIT CATEGORY,M,CACC
PRICELIST,12778M,PRODUCT DESCRIPTION 434,C6,97,EA,30216,311217,1,21.287,,,,AWAIT CATEGORY,M,CACC
PRICELIST,12779L,PRODUCT DESCRIPTION 435,C6,97,EA,30216,311217,1,20.288,,,,AWAIT CATEGORY,M,CACC
PRICELIST,12780XL,PRODUCT DESCRIPTION 436,C6,97,EA,30216,311217,1,21.288,,,,AWAIT CATEGORY,M,CACC
PRICELIST,12781XXL,PRODUCT DESCRIPTION 437,C6,97,EA,30216,311217,1,20.289,,,,AWAIT CATEGORY,M,CACC
PRICELIST,12782S,PRODUCT DESCRIPTION 438,C6,97,EA,30216,311217,1,21.289,,,,AWAIT CATEGORY,M,CACC
PRICELIST,12783M,PRODUCT DESCRIPTION 439,C3,25,EA,30216,311217,1,20.290,,,,AWAIT CATEGORY,M,CMET
PRICELIST,12784L,PRODUCT DESCRIPTION 440,C1,25,ST,30216,311217,1,21.290,,,,AWAIT CATEGORY,M,CIRN
PRICELIST,12785XL,PRODUCT DESCRIPTION 441,9T,60,PR,30216,311217,1,20.291,,SHOE,,LOPRO,M,FJ1
PRICELIST,12786XXL,PRODUCT DESCRIPTION 442,9T,60,PR,30216,311217,1,21.291,,SHOE,,LOPRO,M,FJ1
PRICELIST,12787S,PRODUCT DESCRIPTION 443,9P,60,PR,30216,311217,1,20.292,,SHOE,,JUNIOR,M,FJ1
PRICELIST,12788M,PRODUCT DESCRIPTION 444,9P,60,PR,30216,311217,1,21.292,,SHOE,,GREENJOYS,M,FJ1
PRICELIST,12789L,PRODUCT DESCRIPTION 445,9P,60,PR,30216,311217,1,20.293,,SHOE,,GREENJOYS,M,FJ1
PRICELIST,12790XL,PRODUCT DESCRIPTION 446,9P,60,PR,30216,311217,1,21.293,,SHOE,,GREENJOYS,M,FJ1
PRICELIST,12791XXL,PRODUCT DESCRIPTION 447,9L,60,PR,30216,311217,1,20.294,,SHOE,,SUMMER S. ECOMF,M,FJ1
PRICELIST,12792S,PRODUCT DESCRIPTION 448,9L,60,PR,30216,311217,1,21.294,,SHOE,,SUMMER S. ECOMF,M,FJ1
PRICELIST,12793M,PRODUCT DESCRIPTION 449,9L,60,PR,30216,311217,1,20.295,,SHOE,,SUMMER S. ECOMF,M,FJ1
PRICELIST,12794L,PRODUCT DESCRIPTION 450,9K,60,PR,30216,311217,1,21.295,,SHOE,,AQL,M,FJ1
PRICELIST,12795XL,PRODUCT DESCRIPTION 451,9K,60,PR,30216,311217,1,20.296,,SHOE,,AQL,M,FJ1
PRICELIST,12796XXL,PRODUCT DESCRIPTION 452,9K,60,PR,30216,311217,1,21.296,,SHOE,,AQL,M,FJ1
PRICELIST,12797S,PRODUCT DESCRIPTION 453,9K,60,PR,30216,311217,1,20.297,,SHOE,,AQL,M,FJ1
PRICELIST,12798M,PRODUCT DESCRIPTION 454,9K,60,PR,30216,311217,1,21.297,,SHOE,,AQL,M,FJ1
PRICELIST,12799L,PRODUCT DESCRIPTION 455,9I,60,PR,30216,311217,1,20.298,,SHOE,,AWAIT CATEGORY,M,FJ1
PRICELIST,12800XL,PRODUCT DESCRIPTION 456,9H,60,PR,30216,311217,1,21.298,,SHOE,,DRYJOYS,M,FJ1
PRICELIST,12801XXL,PRODUCT DESCRIPTION 457,9D,60,PR,30216,311217,1,20.299,,SHOE,,SUMMER S. ECOMF,M,FJ1
PRICELIST,12802S,PRODUCT DESCRIPTION 458,9A,60,PR,30216,311217,1,21.299,,SHOE,,CLASSIC MN,M,FJ1
PRICELIST,12803M,PRODUCT DESCRIPTION 459,99,99,EA,30216,311217,1,20.300,,FACC,N,AWAIT CATEGORY,M,NFDS
PRICELIST,12804L,PRODUCT DESCRIPTION 460,99,99,EA,30216,311217,1,21.300,,FACC,N,AWAIT CATEGORY,M,NFDS
PRICELIST,12805XL,PRODUCT DESCRIPTION 461,99,99,EA,30216,311217,1,20.301,,FACC,N,AWAIT CATEGORY,M,FJAC
PRICELIST,12806XXL,PRODUCT DESCRIPTION 462,99,99,EA,30216,311217,1,21.301,,FACC,N,AWAIT CATEGORY,M,NFDS
PRICELIST,12807S,PRODUCT DESCRIPTION 463,99,99,EA,30216,311217,1,20.302,,FACC,N,AWAIT CATEGORY,C,NFDS
PRICELIST,12808M,PRODUCT DESCRIPTION 464,99,99,EA,30216,311217,1,21.302,,FACC,N,AWAIT CATEGORY,M,NFDS
PRICELIST,12809L,PRODUCT DESCRIPTION 465,99,99,EA,30216,311217,1,20.303,,FACC,N,AWAIT CATEGORY,M,NFDS
PRICELIST,12810XL,PRODUCT DESCRIPTION 466,99,99,EA,30216,311217,1,21.303,,FACC,N,AWAIT CATEGORY,C,NFDS
PRICELIST,12811XXL,PRODUCT DESCRIPTION 467,99,99,EA,30216,311217,1,20.304,,FACC,N,AWAIT CATEGORY,C,FJAC
PRICELIST,12812S,PRODUCT DESCRIPTION 468,99,99,EA,30216,311217,1,21.304,,FACC,N,AWAIT CATEGORY,M,FJAC
PRICELIST,12813M,PRODUCT DESCRIPTION 469,99,99,EA,30216,311217,1,20.305,,FACC,N,AWAIT CATEGORY,M,FJAC
PRICELIST,12814L,PRODUCT DESCRIPTION 470,99,99,EA,30216,311217,1,21.305,,FACC,N,AWAIT CATEGORY,M,NFDS
PRICELIST,12815XL,PRODUCT DESCRIPTION 471,99,99,EA,30216,311217,1,20.306,,FACC,N,AWAIT CATEGORY,M,NFDS
PRICELIST,12816XXL,PRODUCT DESCRIPTION 472,99,99,PR,30216,311217,1,21.306,,FACC,N,AWAIT CATEGORY,M,FJ1
PRICELIST,12817S,PRODUCT DESCRIPTION 473,99,99,EA,30216,311217,1,20.307,,FACC,N,AWAIT CATEGORY,M,FJAC
PRICELIST,12818M,PRODUCT DESCRIPTION 474,99,99,EA,30216,311217,1,21.307,,FACC,N,AWAIT CATEGORY,M,FJAC
PRICELIST,12819L,PRODUCT DESCRIPTION 475,99,99,EA,30216,311217,1,20.308,,FACC,N,AWAIT CATEGORY,M,NFDS
PRICELIST,12820XL,PRODUCT DESCRIPTION 476,99,99,EA,30216,311217,1,21.308,,FACC,N,AWAIT CATEGORY,M,NFDS
PRICELIST,12821XXL,PRODUCT DESCRIPTION 477,99,99,EA,30216,311217,1,20.309,,FACC,,AWAIT CATEGORY,M,FJAC
PRICELIST,12822S,PRODUCT DESCRIPTION 478,99,99,EA,30216,311217,1,21.309,,FACC,N,AWAIT CATEGORY,C,NFDS
PRICELIST,12823M,PRODUCT DESCRIPTION 479,99,99,EA,30216,311217,1,20.310,,FACC,N,AWAIT CATEGORY,M,NFDS
PRICELIST,12824L,PRODUCT DESCRIPTION 480,99,99,EA,30216,311217,1,21.310,,FACC,N,AWAIT CATEGORY,C,NFDS
PRICELIST,12825XL,PRODUCT DESCRIPTION 481,99,99,EA,30216,311217,1,20.311,,FACC,N,AWAIT CATEGORY,M,NFDS
PRICELIST,12826XXL,PRODUCT DESCRIPTION 482,99,99,EA,30216,311217,1,21.311,,FACC,N,AWAIT CATEGORY,M,NFDS
PRICELIST,12827S,PRODUCT DESCRIPTION 483,99,99,EA,30216,311217,1,20.312,,FACC,N,AWAIT CATEGORY,M,NFDS
PRICELIST,12828M,PRODUCT DESCRIPTION 484,99,99,EA,30216,311217,1,21.312,,FACC,N,AWAIT CATEGORY,M,NFDS
PRICELIST,12829L,PRODUCT DESCRIPTION 485,99,99,EA,30216,311217,1,20.313,,FACC,N,AWAIT CATEGORY,M,NFDS
PRICELIST,12830XL,PRODUCT DESCRIPTION 486,99,99,EA,30216,311217,1,21.313,,FACC,N,AWAIT CATEGORY,M,NFDS
PRICELIST,12831XXL,PRODUCT DESCRIPTION 487,99,99,EA,30216,311217,1,20.314,,FACC,N,AWAIT CATEGORY,M,NFDS
PRICELIST,12832S,PRODUCT DESCRIPTION 488,99,99,EA,30216,311217,1,21.314,,FACC,N,AWAIT CATEGORY,M,NFDS
PRICELIST,12833M,PRODUCT DESCRIPTION 489,99,99,EA,30216,311217,1,20.315,,FACC,N,AWAIT CATEGORY,C,NFDS
PRICELIST,12834L,PRODUCT DESCRIPTION 490,99,99,EA,30216,311217,1,21.315,,FACC,N,AWAIT CATEGORY,C,NFDS
PRICELIST,12835XL,PRODUCT DESCRIPTION 491,99,99,EA,30216,311217,1,20.316,,FACC,N,AWAIT CATEGORY,C,NFDS
PRICELIST,12836XXL,PRODUCT DESCRIPTION 492,99,99,EA,30216,311217,1,21.316,,FACC,N,AWAIT CATEGORY,C,NFDS
PRICELIST,12837S,PRODUCT DESCRIPTION 493,99,99,EA,30216,311217,1,20.317,,FACC,N,AWAIT CATEGORY,C,NFDS
PRICELIST,12838M,PRODUCT DESCRIPTION 494,99,99,EA,30216,311217,1,21.317,,FACC,N,AWAIT CATEGORY,M,NFDS
PRICELIST,12839L,PRODUCT DESCRIPTION 495,99,99,EA,30216,311217,1,20.318,,FACC,N,AWAIT CATEGORY,C,NFDS
PRICELIST,12840XL,PRODUCT DESCRIPTION 496,99,99,EA,30216,311217,1,21.318,,FACC,N,AWAIT CATEGORY,M,NFDS
PRICELIST,12841XXL,PRODUCT DESCRIPTION 497,99,99,EA,30216,311217,1,20.319,,FACC,N,AWAIT CATEGORY,M,NFDS
PRICELIST,12842S,PRODUCT DESCRIPTION 498,99,99,EA,30216,311217,1,21.319,,FACC,N,AWAIT CATEGORY,M,NFDS
PRICELIST,12843M,PRODUCT DESCRIPTION 499,99,99,EA,30216,311217,1,20.320,,FACC,N,AWAIT CATEGORY,M,NFDS
PRICELIST,12844L,PRODUCT DESCRIPTION 500,99,99,EA,30216,311217,1,21.320,,FACC,N,AWAIT CATEGORY,M,NFDS
PRICELIST,12845XL,PRODUCT DESCRIPTION 501,99,99,BX,30216,311217,1,20.321,,FACC,,AWAIT CATEGORY,M,NFDS
PRICELIST,12846XXL,PRODUCT DESCRIPTION 502,99,99,EA,30216,311217,1,21.321,,FACC,N,AWAIT CATEGORY,C,NFDS
PRICELIST,12847S,PRODUCT DESCRIPTION 503,99,99,EA,30216,311217,1,20.322,,FACC,N,AWAIT CATEGORY,C,NFDS
PRICELIST,12848M,PRODUCT DESCRIPTION 504,99,99,EA,30216,311217,1,21.322,,FACC,N,AWAIT CATEGORY,M,NFDS
PRICELIST,12849L,PRODUCT DESCRIPTION 505,99,99,EA,30216,311217,1,20.323,,FACC,N,AWAIT CATEGORY,M,NFDS
PRICELIST,12850XL,PRODUCT DESCRIPTION 506,99,99,EA,30216,311217,1,21.323,,FACC,N,AWAIT CATEGORY,M,NFDS
PRICELIST,12851XXL,PRODUCT DESCRIPTION 507,99,99,EA,30216,311217,1,20.324,,FACC,N,AWAIT CATEGORY,C,NFDS
PRICELIST,12852S,PRODUCT DESCRIPTION 508,99,99,EA,30216,311217,1,21.324,,FACC,N,AWAIT CATEGORY,C,NFDS
PRICELIST,12853M,PRODUCT DESCRIPTION 509,99,99,EA,30216,311217,1,20.325,,FACC,N,AWAIT CATEGORY,C,NFDS
PRICELIST,12854L,PRODUCT DESCRIPTION 510,99,99,EA,30216,311217,1,21.325,,FACC,N,AWAIT CATEGORY,C,NFDS
PRICELIST,12855XL,PRODUCT DESCRIPTION 511,99,99,EA,30216,311217,1,20.326,,FACC,N,AWAIT CATEGORY,C,NFDS
PRICELIST,12856XXL,PRODUCT DESCRIPTION 512,99,99,EA,30216,311217,1,21.326,,FACC,N,AWAIT CATEGORY,C,NFDS
PRICELIST,12857S,PRODUCT DESCRIPTION 513,99,99,EA,30216,311217,1,20.327,,FACC,N,AWAIT CATEGORY,M,NFDS
PRICELIST,12858M,PRODUCT DESCRIPTION 514,99,99,BX,30216,311217,1,21.327,,FACC,N,AWAIT CATEGORY,M,NFDS
PRICELIST,12859L,PRODUCT DESCRIPTION 515,99,99,EA,30216,311217,1,20.328,,FACC,N,AWAIT CATEGORY,M,NFDS
PRICELIST,12860XL,PRODUCT DESCRIPTION 516,99,99,EA,30216,311217,1,21.328,,FACC,N,AWAIT CATEGORY,M,NFDS
PRICELIST,12861XXL,PRODUCT DESCRIPTION 517,99,99,EA,30216,311217,1,20.329,,FACC,N,AWAIT CATEGORY,C,NFDS
PRICELIST,12862S,PRODUCT DESCRIPTION 518,99,99,EA,30216,311217,1,21.329,,FACC,N,AWAIT CATEGORY,C,NFDS
PRICELIST,12863M,PRODUCT DESCRIPTION 519,99,99,EA,30216,311217,1,20.330,,FACC,N,AWAIT CATEGORY,M,NFDS
PRICELIST,12864L,PRODUCT DESCRIPTION 520,99,99,EA,30216,311217,1,21.330,,FACC,N,AWAIT CATEGORY,M,NFDS
PRICELIST,12865XL,PRODUCT DESCRIPTION 521,99,99,EA,30216,311217,1,20.331,,FACC,N,AWAIT CATEGORY,M,NFDS
PRICELIST,12866XXL,PRODUCT DESCRIPTION 522,99,99,EA,30216,311217,1,21.331,,FACC,N,AWAIT CATEGORY,M,NFDS
PRICELIST,12867S,PRODUCT DESCRIPTION 523,99,99,EA,30216,311217,1,20.332,,FACC,N,AWAIT CATEGORY,M,NFDS
PRICELIST,12868M,PRODUCT DESCRIPTION 524,99,99,EA,30216,311217,1,21.332,,FACC,N,AWAIT CATEGORY,M,NFDS
PRICELIST,12869L,PRODUCT DESCRIPTION 525,99,99,EA,30216,311217,1,20.333,,FACC,N,AWAIT CATEGORY,M,NFDS
PRICELIST,12870XL,PRODUCT DESCRIPTION 526,99,99,EA,30216,311217,1,21.333,,FACC,N,AWAIT CATEGORY,M,NFDS
PRICELIST,12871XXL,PRODUCT DESCRIPTION 527,98,80,PR,30216,311217,1,20.334,,FACC,,AWAIT CATEGORY,M,FJAC
PRICELIST,12872S,PRODUCT DESCRIPTION 528,98,80,PR,30216,311217,1,21.334,,FACC,,AWAIT CATEGORY,M,FJAC
PRICELIST,12873M,PRODUCT DESCRIPTION 529,98,80,PR,30216,311217,1,20.335,,FACC,,AWAIT CATEGORY,M,FJAC
PRICELIST,12874L,PRODUCT DESCRIPTION 530,98,80,PR,30216,311217,1,21.335,,FACC,,AWAIT CATEGORY,M,FJAC
PRICELIST,12875XL,PRODUCT DESCRIPTION 531,98,80,PR,30216,311217,1,20.336,,FACC,,AWAIT CATEGORY,M,FJAC
PRICELIST,12876XXL,PRODUCT DESCRIPTION 532,98,80,PR,30216,311217,1,21.336,,FACC,,AWAIT CATEGORY,M,FJAC
PRICELIST,12877S,PRODUCT DESCRIPTION 533,98,80,PR,30216,311217,1,20.337,,FACC,,AWAIT CATEGORY,M,FJAC
PRICELIST,12878M,PRODUCT DESCRIPTION 534,98,80,EA,30216,311217,1,21.337,,FACC,,DELUXE SHOE BAG,M,FJAC
PRICELIST,12879L,PRODUCT DESCRIPTION 535,98,80,EA,30216,311217,1,20.338,,FACC,,AWAIT CATEGORY,M,FJAC
PRICELIST,12880XL,PRODUCT DESCRIPTION 536,98,80,PR,30216,311217,1,21.338,,FACC,,AWAIT CATEGORY,M,FJAC
PRICELIST,12881XXL,PRODUCT DESCRIPTION 537,98,80,PR,30216,311217,1,20.339,,FACC,,AWAIT CATEGORY,M,FJAC
PRICELIST,12882S,PRODUCT DESCRIPTION 538,98,80,PR,30216,311217,1,21.339,,FACC,,AWAIT CATEGORY,M,FJAC
PRICELIST,12883M,PRODUCT DESCRIPTION 539,98,80,PR,30216,311217,1,20.340,,FACC,,AWAIT CATEGORY,M,FJAC
PRICELIST,12884L,PRODUCT DESCRIPTION 540,98,80,PK,30216,311217,1,21.340,,FACC,,AWAIT CATEGORY,M,FJAC
PRICELIST,12885XL,PRODUCT DESCRIPTION 541,98,80,EA,30216,311217,1,20.341,,FACC,,AWAIT CATEGORY,M,FJAC
PRICELIST,12886XXL,PRODUCT DESCRIPTION 542,98,80,EA,30216,311217,1,21.341,,FACC,,AWAIT CATEGORY,M,FJAC
PRICELIST,12887S,PRODUCT DESCRIPTION 543,98,80,EA,30216,311217,1,20.342,,FACC,,AWAIT CATEGORY,M,FJAC
PRICELIST,12888M,PRODUCT DESCRIPTION 544,98,80,EA,30216,311217,1,21.342,,FACC,,AWAIT CATEGORY,M,FJAC
PRICELIST,12889L,PRODUCT DESCRIPTION 545,98,80,EA,30216,311217,1,20.343,,FACC,,AWAIT CATEGORY,M,FJAC
PRICELIST,12890XL,PRODUCT DESCRIPTION 546,98,80,EA,30216,311217,1,21.343,,FACC,,AWAIT CATEGORY,M,FJAC
PRICELIST,12891XXL,PRODUCT DESCRIPTION 547,98,80,PK,30216,311217,1,20.344,,FACC,,AWAIT CATEGORY,M,FJAC
PRICELIST,12892S,PRODUCT DESCRIPTION 548,98,80,EA,30216,311217,1,21.344,,FACC,,AWAIT CATEGORY,M,FJAC
PRICELIST,12893M,PRODUCT DESCRIPTION 549,98,80,EA,30216,311217,1,20.345,,FACC,,AWAIT CATEGORY,M,FJAC
PRICELIST,12894L,PRODUCT DESCRIPTION 550,98,80,PK,30216,311217,1,21.345,,FACC,,AWAIT CATEGORY,M,FJAC
PRICELIST,12895XL,PRODUCT DESCRIPTION 551,98,80,PR,30216,311217,1,20.346,,FACC,,AWAIT CATEGORY,M,FJAC
PRICELIST,12896XXL,PRODUCT DESCRIPTION 552,98,80,PR,30216,311217,1,21.346,,FACC,,AWAIT CATEGORY,C,FJAC
PRICELIST,12897S,PRODUCT DESCRIPTION 553,98,80,PR,30216,311217,1,20.347,,FACC,,AWAIT CATEGORY,M,FJAC
PRICELIST,12898M,PRODUCT DESCRIPTION 554,98,80,PK,30216,311217,1,21.347,,FACC,,AWAIT CATEGORY,M,FJAC
PRICELIST,12899L,PRODUCT DESCRIPTION 555,98,80,PR,30216,311217,1,20.348,,FACC,,AWAIT CATEGORY,M,FJAC
PRICELIST,12900XL,PRODUCT DESCRIPTION 556,98,80,PR,30216,311217,1,21.348,,FACC,,AWAIT CATEGORY,M,FJAC
PRICELIST,12901XXL,PRODUCT DESCRIPTION 557,98,80,PR,30216,311217,1,20.349,,FACC,,AWAIT CATEGORY,M,FJAC
PRICELIST,12902S,PRODUCT DESCRIPTION 558,98,80,PR,30216,311217,1,21.349,,FACC,,AWAIT CATEGORY,M,FJAC
PRICELIST,12903M,PRODUCT DESCRIPTION 559,98,80,PR,30216,311217,1,20.350,,FACC,,AWAIT CATEGORY,M,FJAC
PRICELIST,12904L,PRODUCT DESCRIPTION 560,98,80,PR,30216,311217,1,21.350,,FACC,,AWAIT CATEGORY,M,FJAC
PRICELIST,12905XL,PRODUCT DESCRIPTION 561,98,80,PR,30216,311217,1,20.351,,FACC,,AWAIT CATEGORY,M,FJAC
PRICELIST,12906XXL,PRODUCT DESCRIPTION 562,98,80,PR,30216,311217,1,21.351,,FACC,,AWAIT CATEGORY,M,FJAC
PRICELIST,12907S,PRODUCT DESCRIPTION 563,98,80,EA,30216,311217,1,20.352,,FACC,,AWAIT CATEGORY,M,FJAC
PRICELIST,12908M,PRODUCT DESCRIPTION 564,98,80,EA,30216,311217,1,21.352,,FACC,,AWAIT CATEGORY,M,FJAC
PRICELIST,12909L,PRODUCT DESCRIPTION 565,98,80,EA,30216,311217,1,20.353,,FACC,,AWAIT CATEGORY,M,FJAC
PRICELIST,12910XL,PRODUCT DESCRIPTION 566,98,80,EA,30216,311217,1,21.353,,FACC,,AWAIT CATEGORY,M,FJAC
PRICELIST,12911XXL,PRODUCT DESCRIPTION 567,98,80,EA,30216,311217,1,20.354,,FACC,,AWAIT CATEGORY,M,FJAC
PRICELIST,12912S,PRODUCT DESCRIPTION 568,98,80,EA,30216,311217,1,21.354,,FACC,,AWAIT CATEGORY,M,FJAC
PRICELIST,12913M,PRODUCT DESCRIPTION 569,98,80,EA,30216,311217,1,20.355,,FACC,,AWAIT CATEGORY,M,FJAC
PRICELIST,12914L,PRODUCT DESCRIPTION 570,98,80,EA,30216,311217,1,21.355,,FACC,,AWAIT CATEGORY,M,FJAC
PRICELIST,12915XL,PRODUCT DESCRIPTION 571,98,80,EA,30216,311217,1,20.356,,FACC,,AWAIT CATEGORY,M,FJAC
PRICELIST,12916XXL,PRODUCT DESCRIPTION 572,98,80,EA,30216,311217,1,21.356,,FACC,,AWAIT CATEGORY,M,FJAC
PRICELIST,12917S,PRODUCT DESCRIPTION 573,98,80,EA,30216,311217,1,20.357,,FACC,,AWAIT CATEGORY,M,FJAC
PRICELIST,12918M,PRODUCT DESCRIPTION 574,98,80,EA,30216,311217,1,21.357,,FACC,,AWAIT CATEGORY,M,FJAC
PRICELIST,12919L,PRODUCT DESCRIPTION 575,98,80,EA,30216,311217,1,20.358,,FACC,,AWAIT CATEGORY,M,FJAC
PRICELIST,12920XL,PRODUCT DESCRIPTION 576,98,80,EA,30216,311217,1,21.358,,FACC,,AWAIT CATEGORY,M,FJAC
PRICELIST,12921XXL,PRODUCT DESCRIPTION 577,98,80,EA,30216,311217,1,20.359,,FACC,,AWAIT CATEGORY,M,FJAC
PRICELIST,12922S,PRODUCT DESCRIPTION 578,98,80,EA,30216,311217,1,21.359,,FACC,,AWAIT CATEGORY,M,FJAC
PRICELIST,12923M,PRODUCT DESCRIPTION 579,98,80,PK,30216,311217,1,20.360,,FACC,,AWAIT CATEGORY,M,FJAC
PRICELIST,12924L,PRODUCT DESCRIPTION 580,98,80,EA,30216,311217,1,21.360,,FACC,,AWAIT CATEGORY,M,FJAC
PRICELIST,12925XL,PRODUCT DESCRIPTION 581,98,80,PK,30216,311217,1,20.361,,FACC,,AWAIT CATEGORY,M,FJAC
PRICELIST,12926XXL,PRODUCT DESCRIPTION 582,98,80,EA,30216,311217,1,21.361,,FACC,,AWAIT CATEGORY,M,FJAC
PRICELIST,12927S,PRODUCT DESCRIPTION 583,98,80,PK,30216,311217,1,20.362,,FACC,,AWAIT CATEGORY,M,FJAC
PRICELIST,12928M,PRODUCT DESCRIPTION 584,98,80,EA,30216,311217,1,21.362,,FACC,,AWAIT CATEGORY,M,FJAC
PRICELIST,12929L,PRODUCT DESCRIPTION 585,98,80,PK,30216,311217,1,20.363,,FACC,,AWAIT CATEGORY,M,FJAC
PRICELIST,12930XL,PRODUCT DESCRIPTION 586,98,80,PK,30216,311217,1,21.363,,FACC,,AWAIT CATEGORY,M,FJAC
PRICELIST,12931XXL,PRODUCT DESCRIPTION 587,98,80,PK,30216,311217,1,20.364,,FACC,,AWAIT CATEGORY,M,FJAC
PRICELIST,12932S,PRODUCT DESCRIPTION 588,98,80,EA,30216,311217,1,21.364,,FACC,,AWAIT CATEGORY,M,FJAC
PRICELIST,12933M,PRODUCT DESCRIPTION 589,98,80,EA,30216,311217,1,20.365,,FACC,,AWAIT CATEGORY,M,FJAC
PRICELIST,12934L,PRODUCT DESCRIPTION 590,98,80,EA,30216,311217,1,21.365,,FACC,,AWAIT CATEGORY,M,FJAC
PRICELIST,12935XL,PRODUCT DESCRIPTION 591,98,80,PK,30216,311217,1,20.366,,FACC,,AWAIT CATEGORY,M,FJAC
PRICELIST,12936S,PRODUCT DESCRIPTION 592,98,80,BX,30216,311217,1,21.366,,FACC,,AWAIT CATEGORY,C,FJAC
PRICELIST,12937M,PRODUCT DESCRIPTION 593,98,80,EA,30216,311217,1,20.367,,FACC,,AWAIT CATEGORY,C,FJAC
PRICELIST,12938L,PRODUCT DESCRIPTION 594,98,80,DZ,30216,311217,1,21.367,,FACC,,AWAIT CATEGORY,M,FJAC
PRICELIST,12939XL,PRODUCT DESCRIPTION 595,98,80,EA,30216,311217,1,20.368,,FACC,,AWAIT CATEGORY,C,FJAC
PRICELIST,12940XXL,PRODUCT DESCRIPTION 596,98,80,EA,30216,311217,1,21.368,,FACC,,AWAIT CATEGORY,M,FJAC
PRICELIST,12941S,PRODUCT DESCRIPTION 597,98,80,EA,30216,311217,1,20.369,,FACC,,AWAIT CATEGORY,M,FJAC
PRICELIST,12942M,PRODUCT DESCRIPTION 598,98,80,PK,30216,311217,1,21.369,,FACC,,AWAIT CATEGORY,M,FJAC
PRICELIST,12943L,PRODUCT DESCRIPTION 599,98,80,EA,30216,311217,1,20.370,,FACC,,AWAIT CATEGORY,M,FJAC
PRICELIST,12944XL,PRODUCT DESCRIPTION 600,98,80,DZ,30216,311217,1,21.370,,FACC,,AWAIT CATEGORY,M,FJAC
PRICELIST,12945XXL,PRODUCT DESCRIPTION 601,98,80,PR,30216,311217,1,20.371,,FACC,,AWAIT CATEGORY,M,FJAC
PRICELIST,12946S,PRODUCT DESCRIPTION 602,98,80,DZ,30216,311217,1,21.371,,FACC,,WINT H/WEAR DZ,M,FJAC
PRICELIST,12947M,PRODUCT DESCRIPTION 603,98,80,PK,30216,311217,1,20.372,,FACC,,AWAIT CATEGORY,M,FJAC
PRICELIST,12948L,PRODUCT DESCRIPTION 604,98,80,EA,30216,311217,1,21.372,,FACC,,AWAIT CATEGORY,M,FJAC
PRICELIST,12949XL,PRODUCT DESCRIPTION 605,98,80,DZ,30216,311217,1,20.373,,FACC,,WINT H/WEAR DZ,M,FJAC
PRICELIST,12950XXL,PRODUCT DESCRIPTION 606,98,80,EA,30216,311217,1,21.373,,FACC,,WINT H/WEAR EA,C,FJAC
PRICELIST,12951S,PRODUCT DESCRIPTION 607,98,80,PK,30216,311217,1,20.374,,FACC,,AWAIT CATEGORY,M,FJAC
PRICELIST,12952M,PRODUCT DESCRIPTION 608,98,80,EA,30216,311217,1,21.374,,FACC,,AWAIT CATEGORY,M,FJAC
PRICELIST,12953L,PRODUCT DESCRIPTION 609,98,80,PK,30216,311217,1,20.375,,FACC,,AWAIT CATEGORY,M,FJAC
PRICELIST,12954XL,PRODUCT DESCRIPTION 610,98,80,EA,30216,311217,1,21.375,,FACC,,AWAIT CATEGORY,C,FJAC
PRICELIST,12955XXL,PRODUCT DESCRIPTION 611,98,80,PK,30216,311217,1,20.376,,FACC,,AWAIT CATEGORY,M,FJAC
PRICELIST,12956S,PRODUCT DESCRIPTION 612,98,80,EA,30216,311217,1,21.376,,FACC,,AWAIT CATEGORY,C,FJAC
PRICELIST,12957M,PRODUCT DESCRIPTION 613,98,80,DZ,30216,311217,1,20.377,,FACC,,AWAIT CATEGORY,M,FJAC
PRICELIST,12958L,PRODUCT DESCRIPTION 614,98,80,PK,30216,311217,1,21.377,,FACC,,AWAIT CATEGORY,M,FJAC
PRICELIST,12959XL,PRODUCT DESCRIPTION 615,98,80,EA,30216,311217,1,20.378,,FACC,,AWAIT CATEGORY,M,FJAC
PRICELIST,12960XXL,PRODUCT DESCRIPTION 616,98,80,DZ,30216,311217,1,21.378,,FACC,,AWAIT CATEGORY,M,FJAC
PRICELIST,12961S,PRODUCT DESCRIPTION 617,98,80,EA,30216,311217,1,20.379,,FACC,,AWAIT CATEGORY,C,FJAC
PRICELIST,12962M,PRODUCT DESCRIPTION 618,98,80,EA,30216,311217,1,21.379,,FACC,,AWAIT CATEGORY,M,FJAC
PRICELIST,12963L,PRODUCT DESCRIPTION 619,98,80,DZ,30216,311217,1,20.380,,FACC,,AWAIT CATEGORY,M,FJAC
PRICELIST,12964XL,PRODUCT DESCRIPTION 620,98,80,EA,30216,311217,1,21.380,,FACC,,AWAIT CATEGORY,M,FJAC
PRICELIST,12965XXL,PRODUCT DESCRIPTION 621,98,80,EA,30216,311217,1,20.381,,FACC,,AWAIT CATEGORY,C,FJAC
PRICELIST,12966S,PRODUCT DESCRIPTION 622,98,80,EA,30216,311217,1,21.381,,FACC,N,AWAIT CATEGORY,C,FJAC
PRICELIST,12967M,PRODUCT DESCRIPTION 623,98,80,EA,30216,311217,1,20.382,,FACC,,AWAIT CATEGORY,M,FJAC
PRICELIST,12968L,PRODUCT DESCRIPTION 624,98,80,EA,30216,311217,1,21.382,,FACC,,AWAIT CATEGORY,M,FJAC
PRICELIST,12969XL,PRODUCT DESCRIPTION 625,98,80,EA,30216,311217,1,20.383,,FACC,,AWAIT CATEGORY,M,FJAC
PRICELIST,12970XXL,PRODUCT DESCRIPTION 626,98,80,EA,30216,311217,1,21.383,,FACC,,AWAIT CATEGORY,M,FJAC
PRICELIST,12971S,PRODUCT DESCRIPTION 627,98,80,EA,30216,311217,1,20.384,,FACC,,AWAIT CATEGORY,M,FJAC
PRICELIST,12972M,PRODUCT DESCRIPTION 628,98,80,EA,30216,311217,1,21.384,,FACC,,AWAIT CATEGORY,M,NFDS
PRICELIST,12973L,PRODUCT DESCRIPTION 629,98,80,EA,30216,311217,1,20.385,,FACC,,AWAIT CATEGORY,M,FJAC
PRICELIST,12974XL,PRODUCT DESCRIPTION 630,98,80,PK,30216,311217,1,21.385,,FACC,,AWAIT CATEGORY,C,NFDS
PRICELIST,12975XXL,PRODUCT DESCRIPTION 631,98,80,EA,30216,311217,1,20.386,,FACC,N,AWAIT CATEGORY,C,
PRICELIST,12976S,PRODUCT DESCRIPTION 632,97,70,PK,30216,311217,1,21.386,,SOCK,,AWAIT CATEGORY,M,NFDS
PRICELIST,12977M,PRODUCT DESCRIPTION 633,97,70,DZ,30216,311217,1,20.387,,SOCK,,AWAIT CATEGORY,M,SCK1
PRICELIST,12978L,PRODUCT DESCRIPTION 634,97,70,SIX,30216,311217,1,21.387,,SOCK,,AWAIT CATEGORY,C,SCK1
PRICELIST,12979XL,PRODUCT DESCRIPTION 635,97,70,SIX,30216,311217,1,20.388,,SOCK,,AWAIT CATEGORY,C,SCK1
PRICELIST,12980XXL,PRODUCT DESCRIPTION 636,97,70,SIX,30216,311217,1,21.388,,SOCK,,AWAIT CATEGORY,M,SCK1
PRICELIST,12981S,PRODUCT DESCRIPTION 637,97,70,DZ,30216,311217,1,20.389,,SOCK,,AWAIT CATEGORY,M,SCK1
PRICELIST,12982M,PRODUCT DESCRIPTION 638,97,70,PK,30216,311217,1,21.389,,SOCK,,AWAIT CATEGORY,M,SCK1
PRICELIST,12983L,PRODUCT DESCRIPTION 639,97,70,DZ,30216,311217,1,20.390,,SOCK,,AWAIT CATEGORY,C,SCK1
PRICELIST,12984XL,PRODUCT DESCRIPTION 640,97,70,DZ,30216,311217,1,21.390,,SOCK,,AWAIT CATEGORY,C,SCK1
PRICELIST,12985XXL,PRODUCT DESCRIPTION 641,97,70,SIX,30216,311217,1,20.391,,SOCK,,C/S SPT 1X6 WM,M,SCK1
PRICELIST,12986S,PRODUCT DESCRIPTION 642,97,70,DZ,30216,311217,1,21.391,,SOCK,,AWAIT CATEGORY,M,SCK1
PRICELIST,12987M,PRODUCT DESCRIPTION 643,97,70,SIX,30216,311217,1,20.392,,SOCK,,AWAIT CATEGORY,M,SCK1
PRICELIST,12988L,PRODUCT DESCRIPTION 644,97,70,PK,30216,311217,1,21.392,,SOCK,,AWAIT CATEGORY,C,SCK1
PRICELIST,12989XL,PRODUCT DESCRIPTION 645,97,70,DZ,30216,311217,1,20.393,,SOCK,,AWAIT CATEGORY,M,SCK1
PRICELIST,12990XXL,PRODUCT DESCRIPTION 646,97,70,DZ,30216,311217,1,21.393,,SOCK,,AWAIT CATEGORY,M,SCK1
PRICELIST,12991S,PRODUCT DESCRIPTION 647,97,70,DZ,30216,311217,1,20.394,,SOCK,,AWAIT CATEGORY,C,SCK1
PRICELIST,12992M,PRODUCT DESCRIPTION 648,97,70,SIX,30216,311217,1,21.394,,SOCK,,AWAIT CATEGORY,M,SCK1
PRICELIST,12993L,PRODUCT DESCRIPTION 649,97,70,PK,30216,311217,1,20.395,,SOCK,,AWAIT CATEGORY,M,SCK1
PRICELIST,12994XL,PRODUCT DESCRIPTION 650,97,70,PK,30216,311217,1,21.395,,SOCK,,AWAIT CATEGORY,C,SCK1
PRICELIST,12995XXL,PRODUCT DESCRIPTION 651,97,70,PK,30216,311217,1,20.396,,SOCK,,AWAIT CATEGORY,M,SCK1
PRICELIST,12996S,PRODUCT DESCRIPTION 652,97,70,PK,30216,311217,1,21.396,,SOCK,,AWAIT CATEGORY,M,SCK1
PRICELIST,12997M,PRODUCT DESCRIPTION 653,97,70,SIX,30216,311217,1,20.397,,SOCK,,AWAIT CATEGORY,C,SCK1
PRICELIST,12998L,PRODUCT DESCRIPTION 654,97,70,SIX,30216,311217,1,21.397,,SOCK,,AWAIT CATEGORY,M,SCK1
PRICELIST,12999XL,PRODUCT DESCRIPTION 655,97,70,SIX,30216,311217,1,20.398,,SOCK,,AWAIT CATEGORY,M,SCK1
PRICELIST,13000XXL,PRODUCT DESCRIPTION 656,97,70,SIX,30216,311217,1,21.398,,SOCK,,AWAIT CATEGORY,M,SCK1
PRICELIST,13001S,PRODUCT DESCRIPTION 657,97,70,SIX,30216,311217,1,20.399,,SOCK,,AWAIT CATEGORY,M,SCK1
PRICELIST,13002M,PRODUCT DESCRIPTION 658,97,70,SIX,30216,311217,1,21.399,,SOCK,,AWAIT CATEGORY,M,SCK1
PRICELIST,13003L,PRODUCT DESCRIPTION 659,97,70,DZ,30216,311217,1,20.400,,SOCK,,AWAIT CATEGORY,M,SCK1
PRICELIST,13004XL,PRODUCT DESCRIPTION 660,97,70,SIX,30216,311217,1,21.400,,SOCK,,AWAIT CATEGORY,C,SCK1
PRICELIST,13005XXL,PRODUCT DESCRIPTION 661,97,70,SIX,30216,311217,1,20.401,,SOCK,,AWAIT CATEGORY,M,SCK1
PRICELIST,13006S,PRODUCT DESCRIPTION 662,97,70,PK,30216,311217,1,21.401,,SOCK,,AWAIT CATEGORY,M,SCK1
PRICELIST,13007M,PRODUCT DESCRIPTION 663,97,70,PK,30216,311217,1,20.402,,SOCK,,AWAIT CATEGORY,M,SCK1
PRICELIST,13008L,PRODUCT DESCRIPTION 664,97,70,PK,30216,311217,1,21.402,,SOCK,,AWAIT CATEGORY,C,SCK1
PRICELIST,13009XL,PRODUCT DESCRIPTION 665,97,70,PK,30216,311217,1,20.403,,SOCK,,AWAIT CATEGORY,M,SCK1
PRICELIST,13010XXL,PRODUCT DESCRIPTION 666,97,70,PK,30216,311217,1,21.403,,SOCK,,AWAIT CATEGORY,M,SCK1
PRICELIST,13011S,PRODUCT DESCRIPTION 667,97,70,PK,30216,311217,1,20.404,,SOCK,,AWAIT CATEGORY,C,SCK1
PRICELIST,13012M,PRODUCT DESCRIPTION 668,2U,20,EA,30216,311217,1,21.404,,,,AWAIT CATEGORY,C,TPUT
PRICELIST,13013L,PRODUCT DESCRIPTION 669,2U,20,EA,30216,311217,1,20.405,,,,AWAIT CATEGORY,C,TPUT
PRICELIST,13014XL,PRODUCT DESCRIPTION 670,2U,20,EA,30216,311217,1,21.405,,,,AWAIT CATEGORY,M,TPUT
PRICELIST,13015XXL,PRODUCT DESCRIPTION 671,2U,20,EA,30216,311217,1,20.406,,,,AWAIT CATEGORY,C,TPUT
PRICELIST,13016S,PRODUCT DESCRIPTION 672,2U,20,EA,30216,311217,1,21.406,,,,SC MYGIRL/HOLID,C,TPUT
PRICELIST,13017M,PRODUCT DESCRIPTION 673,2U,20,EA,30216,311217,1,20.407,,,,AWAIT CATEGORY,C,TPUT
PRICELIST,13018L,PRODUCT DESCRIPTION 674,2U,20,EA,30216,311217,1,21.407,,,,AWAIT CATEGORY,C,TPUT
PRICELIST,13019XL,PRODUCT DESCRIPTION 675,2U,20,EA,30216,311217,1,20.408,,,,AWAIT CATEGORY,C,TPUT
PRICELIST,13020XXL,PRODUCT DESCRIPTION 676,2U,20,EA,30216,311217,1,21.408,,,,AWAIT CATEGORY,C,TPUT
PRICELIST,13021S,PRODUCT DESCRIPTION 677,2U,20,EA,30216,311217,1,20.409,,,,AWAIT CATEGORY,M,TPUT
PRICELIST,13022M,PRODUCT DESCRIPTION 678,2U,20,EA,30216,311217,1,21.409,,,,AWAIT CATEGORY,C,TPUT
PRICELIST,13023L,PRODUCT DESCRIPTION 679,2U,20,EA,30216,311217,1,20.410,,,,AWAIT CATEGORY,M,TPUT
PRICELIST,13024XL,PRODUCT DESCRIPTION 680,2U,20,EA,30216,311217,1,21.410,,,,AWAIT CATEGORY,C,TPUT
PRICELIST,13025XXL,PRODUCT DESCRIPTION 681,2U,20,EA,30216,311217,1,20.411,,,,AWAIT CATEGORY,C,TPUT
PRICELIST,13026S,PRODUCT DESCRIPTION 682,2U,20,EA,30216,311217,1,21.411,,,,AWAIT CATEGORY,M,TPUT
PRICELIST,13027M,PRODUCT DESCRIPTION 683,2U,20,EA,30216,311217,1,20.412,,,,AWAIT CATEGORY,M,TPUT
PRICELIST,13028L,PRODUCT DESCRIPTION 684,2U,20,EA,30216,311217,1,21.412,,,,AWAIT CATEGORY,M,TPUT
PRICELIST,13029XL,PRODUCT DESCRIPTION 685,2U,20,EA,30216,311217,1,20.413,,,,AWAIT CATEGORY,C,TPUT
PRICELIST,13030XXL,PRODUCT DESCRIPTION 686,2U,20,EA,30216,311217,1,21.413,,,,SC MYGIRL/HOLID,C,TPUT
PRICELIST,13031S,PRODUCT DESCRIPTION 687,2Z,20,EA,30216,311217,1,20.414,,,,AWAIT CATEGORY,C,TPUT
PRICELIST,13032M,PRODUCT DESCRIPTION 688,2Y,20,EA,30216,311217,1,21.414,,,,AWAIT CATEGORY,M,TPUT
PRICELIST,13033L,PRODUCT DESCRIPTION 689,2Y,20,EA,30216,311217,1,20.415,,,,AWAIT CATEGORY,C,TPUT
PRICELIST,13034XL,PRODUCT DESCRIPTION 690,2Y,20,EA,30216,311217,1,21.415,,,,AWAIT CATEGORY,M,TPUT
PRICELIST,13035XXL,PRODUCT DESCRIPTION 691,2X,20,EA,30216,311217,1,20.416,,,,AWAIT CATEGORY,C,TPUT
PRICELIST,13036S,PRODUCT DESCRIPTION 692,2X,20,EA,30216,311217,1,21.416,,,,AWAIT CATEGORY,M,TPUT
PRICELIST,13037M,PRODUCT DESCRIPTION 693,2X,20,EA,30216,311217,1,20.417,,,,AWAIT CATEGORY,M,TPUT
PRICELIST,13038L,PRODUCT DESCRIPTION 694,2X,20,EA,30216,311217,1,21.417,,,,AWAIT CATEGORY,M,TPUT
PRICELIST,13039XL,PRODUCT DESCRIPTION 695,2X,20,EA,30216,311217,1,20.418,,,,AWAIT CATEGORY,M,TPUT
PRICELIST,13040XXL,PRODUCT DESCRIPTION 696,2X,20,EA,30216,311217,1,21.418,,,,AWAIT CATEGORY,M,TPUT
PRICELIST,13041S,PRODUCT DESCRIPTION 697,07,50,EA,30216,311217,5000,20.419,,TACC,,AWAIT CATEGORY,C,NODS
PRICELIST,13042M,PRODUCT DESCRIPTION 698,07,50,EA,30216,311217,2000,21.419,,TACC,,AWAIT CATEGORY,C,NODS
PRICELIST,13043L,PRODUCT DESCRIPTION 699,07,50,EA,30216,311217,5000,20.420,,TACC,,AWAIT CATEGORY,C,NODS
PRICELIST,13044XL,PRODUCT DESCRIPTION 700,07,50,EA,30216,311217,2400,21.420,,TACC,,AWAIT CATEGORY,C,TACC
PRICELIST,13045XXL,PRODUCT DESCRIPTION 701,07,50,EA,30216,311217,96,20.421,,TACC,,AWAIT CATEGORY,C,TACC
PRICELIST,13046S,PRODUCT DESCRIPTION 702,07,50,EA,30216,311217,2000,21.421,,TACC,,AWAIT CATEGORY,C,NODS
PRICELIST,13047M,PRODUCT DESCRIPTION 703,07,50,EA,30216,311217,48,20.422,,TACC,,AWAIT CATEGORY,C,NODS
PRICELIST,13048L,PRODUCT DESCRIPTION 704,8Z,50,EA,30216,311217,1,21.422,,TACC,,AWAIT CATEGORY,M,NODS
PRICELIST,13049XL,PRODUCT DESCRIPTION 705,07,50,EA,30216,311217,48,20.423,,TACC,,AWAIT CATEGORY,C,NODS
PRICELIST,13050XXL,PRODUCT DESCRIPTION 706,98,80,EA,30216,311217,1,21.423,,FACC,,AWAIT CATEGORY,M,FJAC
PRICELIST,13051S,PRODUCT DESCRIPTION 707,07,50,SET,30216,311217,1000,20.424,,TACC,,AWAIT CATEGORY,C,NODS
PRICELIST,13052M,PRODUCT DESCRIPTION 708,07,50,ST,30216,311217,1000,21.424,,TACC,,AWAIT CATEGORY,C,NODS
PRICELIST,13053L,PRODUCT DESCRIPTION 709,07,50,SET,30216,311217,600,20.425,,TACC,,AWAIT CATEGORY,C,NODS
PRICELIST,13054XL,PRODUCT DESCRIPTION 710,82,55,EA,30216,311217,1,21.425,,TBAG,,AWAIT CATEGORY,C,TACC
PRICELIST,13055XXL,PRODUCT DESCRIPTION 711,07,50,ST,30216,311217,48,20.426,,TACC,,AWAIT CATEGORY,C,NODS
PRICELIST,13056S,PRODUCT DESCRIPTION 712,07,50,SET,30216,311217,96,21.426,,TACC,,AWAIT CATEGORY,C,NODS
PRICELIST,13057M,PRODUCT DESCRIPTION 713,85,50,PK,30216,311217,1,20.427,,TACC,,AWAIT CATEGORY,C,NADS
PRICELIST,13058L,PRODUCT DESCRIPTION 714,85,50,EA,30216,311217,1,21.427,,TACC,,AWAIT CATEGORY,M,TACC
PRICELIST,13059XL,PRODUCT DESCRIPTION 715,82,55,EA,30216,311217,1,20.428,,TBAG,,AWAIT CATEGORY,M,TACC
PRICELIST,13060XXL,PRODUCT DESCRIPTION 716,82,55,EA,30216,311217,1,21.428,,TBAG,,AWAIT CATEGORY,M,TACC
PRICELIST,13061S,PRODUCT DESCRIPTION 717,07,50,ST,30216,311217,1000,20.429,,TACC,,AWAIT CATEGORY,C,NODS
PRICELIST,13062M,PRODUCT DESCRIPTION 718,98,80,PK,30216,311217,1,21.429,,FACC,,AWAIT CATEGORY,M,FJAC
PRICELIST,13063L,PRODUCT DESCRIPTION 719,10,10,PK,30216,311217,1,20.430,,BALL,,AWAIT CATEGORY,M,MED
PRICELIST,13064XL,PRODUCT DESCRIPTION 720,10,10,DZ,30216,311217,1,21.430,,BALL,,AWAIT CATEGORY,M,MED
PRICELIST,13065XXL,PRODUCT DESCRIPTION 721,85,50,EA,30216,311217,1,20.431,,TACC,,AWAIT CATEGORY,C,TACC
PRICELIST,13066S,PRODUCT DESCRIPTION 722,85,50,EA,30216,311217,1,21.431,,TACC,,AWAIT CATEGORY,C,TACC
PRICELIST,13067M,PRODUCT DESCRIPTION 723,07,50,ST,30216,311217,48,20.432,,TACC,,AWAIT CATEGORY,C,NODS
PRICELIST,13068L,PRODUCT DESCRIPTION 724,85,50,EA,30216,311217,1,21.432,,TACC,,AWAIT CATEGORY,M,TACC
PRICELIST,13069XL,PRODUCT DESCRIPTION 725,85,50,EA,30216,311217,1,20.433,,TACC,,AWAIT CATEGORY,M,TACC
PRICELIST,13070XXL,PRODUCT DESCRIPTION 726,8Z,55,EA,30216,311217,1,21.433,,TBAG,,AWAIT CATEGORY,M,NODS
PRICELIST,13071S,PRODUCT DESCRIPTION 727,85,50,EA,30216,311217,1,20.434,,TACC,,AWAIT CATEGORY,M,TACC
PRICELIST,13072M,PRODUCT DESCRIPTION 728,85,50,EA,30216,311217,1,21.434,,TACC,,AWAIT CATEGORY,M,TACC
PRICELIST,13073L,PRODUCT DESCRIPTION 729,98,80,PK,30216,311217,1,20.435,,FACC,,AWAIT CATEGORY,M,FJAC
PRICELIST,13074XL,PRODUCT DESCRIPTION 730,85,50,EA,30216,311217,1,21.435,,TACC,,AWAIT CATEGORY,M,TACC
PRICELIST,13075XXL,PRODUCT DESCRIPTION 731,85,50,EA,30216,311217,1,20.436,,TACC,,AWAIT CATEGORY,M,TACC
PRICELIST,13076S,PRODUCT DESCRIPTION 732,85,50,EA,30216,311217,1,21.436,,TACC,,AWAIT CATEGORY,M,TACC
PRICELIST,13077M,PRODUCT DESCRIPTION 733,85,50,EA,30216,311217,1,20.437,,TACC,,AWAIT CATEGORY,M,TACC
PRICELIST,13078L,PRODUCT DESCRIPTION 734,85,50,EA,30216,311217,1,21.437,,TACC,,AWAIT CATEGORY,M,TACC
PRICELIST,13079XL,PRODUCT DESCRIPTION 735,82,55,EA,30216,311217,1,20.438,,TBAG,,AWAIT CATEGORY,M,TACC
PRICELIST,13080XXL,PRODUCT DESCRIPTION 736,98,80,EA,30216,311217,1,21.438,,FACC,,AWAIT CATEGORY,M,FJAC
PRICELIST,13081S,PRODUCT DESCRIPTION 737,85,50,EA,30216,311217,1,20.439,,TACC,,AWAIT CATEGORY,M,TACC
PRICELIST,13082M,PRODUCT DESCRIPTION 738,85,50,EA,30216,311217,1,21.439,,TACC,,AWAIT CATEGORY,M,TACC
PRICELIST,13083L,PRODUCT DESCRIPTION 739,85,50,EA,30216,311217,1,20.440,,TACC,,AWAIT CATEGORY,M,TACC
PRICELIST,13084XL,PRODUCT DESCRIPTION 740,85,50,EA,30216,311217,1,21.440,,TACC,,AWAIT CATEGORY,M,TACC
PRICELIST,13085XXL,PRODUCT DESCRIPTION 741,85,50,EA,30216,311217,1,20.441,,TACC,,AWAIT CATEGORY,M,TACC
PRICELIST,13086S,PRODUCT DESCRIPTION 742,85,50,EA,30216,311217,1,21.441,,TACC,,AWAIT CATEGORY,M,TACC
PRICELIST,13087M,PRODUCT DESCRIPTION 743,15,10,PK,30216,311217,1,20.442,,BALL,,P GOLD DISTANCE,M,PINN
PRICELIST,13088L,PRODUCT DESCRIPTION 744,15,10,PK,30216,311217,1,21.442,,BALL,,AWAIT CATEGORY,M,PINN
PRICELIST,13089XL,PRODUCT DESCRIPTION 745,85,50,EA,30216,311217,1,20.443,,TACC,,AWAIT CATEGORY,M,TACC
PRICELIST,13090XXL,PRODUCT DESCRIPTION 746,98,80,PK,30216,311217,1,21.443,,FACC,,AWAIT CATEGORY,C,FJAC
PRICELIST,13091S,PRODUCT DESCRIPTION 747,98,80,PK,30216,311217,1,20.444,,FACC,,AWAIT CATEGORY,C,FJAC
PRICELIST,13092M,PRODUCT DESCRIPTION 748,98,80,PK,30216,311217,1,21.444,,FACC,,AWAIT CATEGORY,M,FJAC
PRICELIST,13093L,PRODUCT DESCRIPTION 749,98,80,PK,30216,311217,1,20.445,,FACC,,AWAIT CATEGORY,C,FJAC
PRICELIST,13094XL,PRODUCT DESCRIPTION 750,98,80,PK,30216,311217,1,21.445,,FACC,,AWAIT CATEGORY,C,FJAC
PRICELIST,13095XXL,PRODUCT DESCRIPTION 751,82,55,EA,30216,311217,1,20.446,,TBAG,,AWAIT CATEGORY,C,TACC
PRICELIST,13096S,PRODUCT DESCRIPTION 752,82,55,EA,30216,311217,1,21.446,,TBAG,,AWAIT CATEGORY,M,TACC
PRICELIST,13097M,PRODUCT DESCRIPTION 753,82,55,EA,30216,311217,1,20.447,,TBAG,,AWAIT CATEGORY,C,TACC
PRICELIST,13098L,PRODUCT DESCRIPTION 754,82,55,EA,30216,311217,1,21.447,,TBAG,,AWAIT CATEGORY,C,TACC
PRICELIST,13099XL,PRODUCT DESCRIPTION 755,82,55,EA,30216,311217,1,20.448,,TBAG,,AWAIT CATEGORY,M,TACC
PRICELIST,13100XXL,PRODUCT DESCRIPTION 756,82,55,EA,30216,311217,1,21.448,,TBAG,,AWAIT CATEGORY,M,TACC
PRICELIST,13101S,PRODUCT DESCRIPTION 757,98,80,EA,30216,311217,1,20.449,,FACC,,AWAIT CATEGORY,C,FJAC
PRICELIST,13102M,PRODUCT DESCRIPTION 758,15,10,PK,30216,311217,1,21.449,,BALL,,AWAIT CATEGORY,M,PINN
PRICELIST,13103L,PRODUCT DESCRIPTION 759,15,10,PK,30216,311217,1,20.450,,BALL,,P GOLD DISTANCE,M,PINN
PRICELIST,13104XL,PRODUCT DESCRIPTION 760,15,10,PK,30216,311217,1,21.450,,BALL,,P.LADY WHITE/LA,M,PINN
PRICELIST,13105XXL,PRODUCT DESCRIPTION 761,15,10,PK,30216,311217,1,20.451,,BALL,,P GOLD DISTANCE,M,PINN
PRICELIST,13106S,PRODUCT DESCRIPTION 762,15,10,PK,30216,311217,1,21.451,,BALL,,P GOLD DISTANCE,M,PINN
PRICELIST,13107M,PRODUCT DESCRIPTION 763,11,10,PK,30216,311217,96,20.452,,LOGO,,AWAIT CATEGORY,M,PINN
PRICELIST,13108L,PRODUCT DESCRIPTION 764,11,10,PK,30216,311217,144,21.452,,LOGO,,AWAIT CATEGORY,M,PINN
PRICELIST,13109XL,PRODUCT DESCRIPTION 765,85,50,EA,30216,311217,1,20.453,,TACC,,AWAIT CATEGORY,M,TACC
PRICELIST,13110S,PRODUCT DESCRIPTION 766,4B,40,EA,30216,311217,1,21.453,,FGLV,,STASOF,M,FGLV
PRICELIST,13111M,PRODUCT DESCRIPTION 767,4B,40,EA,30216,311217,1,20.454,,FGLV,,STASOF,M,FGLV
PRICELIST,13112L,PRODUCT DESCRIPTION 768,4B,40,EA,30216,311217,1,21.454,,FGLV,,STASOF,C,FGLV
PRICELIST,13113XL,PRODUCT DESCRIPTION 769,4B,40,EA,30216,311217,1,20.455,,FGLV,,STASOF,M,FGLV
PRICELIST,13114XXL,PRODUCT DESCRIPTION 770,4B,40,EA,30216,311217,1,21.455,,FGLV,,STASOF,M,FGLV
PRICELIST,13115S,PRODUCT DESCRIPTION 771,4B,40,EA,30216,311217,1,20.456,,FGLV,,STASOF,M,FGLV
PRICELIST,13116M,PRODUCT DESCRIPTION 772,4B,40,EA,30216,311217,1,21.456,,FGLV,,STASOF,M,FGLV
PRICELIST,13117L,PRODUCT DESCRIPTION 773,06,40,EA,30216,311217,1,20.457,,FGLV,,QM WEATHERSOF,M,FGLV
PRICELIST,13118XL,PRODUCT DESCRIPTION 774,4C,40,EA,30216,311217,1,21.457,,FGLV,,SCIFLEX,C,FGLV
PRICELIST,13119XXL,PRODUCT DESCRIPTION 775,4B,40,EA,30216,311217,1,20.458,,FGLV,,STASOF,M,FGLV
PRICELIST,13120S,PRODUCT DESCRIPTION 776,4B,40,EA,30216,311217,1,21.458,,FGLV,,STASOF,M,FGLV
PRICELIST,13121M,PRODUCT DESCRIPTION 777,4B,40,EA,30216,311217,1,20.459,,FGLV,,STASOF,M,FGLV
PRICELIST,13122L,PRODUCT DESCRIPTION 778,4B,40,EA,30216,311217,1,21.459,,FGLV,,STASOF,M,FGLV
PRICELIST,13123XL,PRODUCT DESCRIPTION 779,4B,40,PK,30216,311217,1,20.460,,FGLV,,STASOF 1/2 DOZ,C,FGLV
PRICELIST,13124XXL,PRODUCT DESCRIPTION 780,4B,40,EA,30216,311217,1,21.460,,FGLV,,STASOF,M,FGLV
PRICELIST,13125S,PRODUCT DESCRIPTION 781,4B,40,EA,30216,311217,1,20.461,,FGLV,,STASOF,M,FGLV
PRICELIST,13126M,PRODUCT DESCRIPTION 782,4A,40,EA,30216,311217,1,21.461,,FGLV,,STASOF,M,FGLV
PRICELIST,13127L,PRODUCT DESCRIPTION 783,4A,40,EA,30216,311217,1,20.462,,FGLV,,STASOF,M,FGLV
PRICELIST,13128XL,PRODUCT DESCRIPTION 784,4A,40,EA,30216,311217,1,21.462,,FGLV,,STASOF,M,FGLV
PRICELIST,13129XXL,PRODUCT DESCRIPTION 785,2K,20,EA,30216,311217,1,20.463,,,,AWAIT CATEGORY,C,NODS
PRICELIST,13130S,PRODUCT DESCRIPTION 786,2K,20,EA,30216,311217,1,21.463,,,,AWAIT CATEGORY,C,NODS
PRICELIST,13131M,PRODUCT DESCRIPTION 787,06,40,EA,30216,311217,1,20.464,,FGLV,,QM WEATHERSOF,M,FGLV
PRICELIST,13132L,PRODUCT DESCRIPTION 788,06,40,EA,30216,311217,1,21.464,,FGLV,,AWAIT CATEGORY,C,FGLV
PRICELIST,13133XL,PRODUCT DESCRIPTION 789,06,40,EA,30216,311217,1,20.465,,FGLV,,AWAIT CATEGORY,C,FGLV
PRICELIST,13134XXL,PRODUCT DESCRIPTION 790,06,40,EA,30216,311217,1,21.465,,FGLV,,QM WEATHERSOF,M,FGLV
PRICELIST,13135S,PRODUCT DESCRIPTION 791,95,70,PR,30216,311217,1,20.466,,SOCK,,L/W P/D EX CR 6,M,SCK1
PRICELIST,13136M,PRODUCT DESCRIPTION 792,95,70,PR,30216,311217,1,21.466,,SOCK,,L/W P/D EX SP 6,M,SCK1
PRICELIST,13137L,PRODUCT DESCRIPTION 793,99,99,EA,30216,311217,1,20.467,,FACC,N,AWAIT CATEGORY,M,NFDS
PRICELIST,13138XL,PRODUCT DESCRIPTION 794,98,80,PR,30216,311217,1,21.467,,FACC,,AWAIT CATEGORY,M,FJAC
PRICELIST,13139XXL,PRODUCT DESCRIPTION 795,95,70,EA,30216,311217,1,20.468,,SOCK,,AWAIT CATEGORY,C,SCK1
PRICELIST,13140S,PRODUCT DESCRIPTION 796,07,50,EA,30216,311217,1,21.468,,TACC,,AWAIT CATEGORY,C,NODS
PRICELIST,13141M,PRODUCT DESCRIPTION 797,07,50,EA,30216,311217,1,20.469,,TACC,,AWAIT CATEGORY,C,NODS
PRICELIST,13142L,PRODUCT DESCRIPTION 798,85,50,EA,30216,311217,1,21.469,,TACC,,AWAIT CATEGORY,M,TACC
PRICELIST,13143XL,PRODUCT DESCRIPTION 799,4V,40,EA,30216,311217,1,20.470,,FGLV,,CABRETTASOF,C,FGLV
PRICELIST,13144XXL,PRODUCT DESCRIPTION 800,4V,40,EA,30216,311217,1,21.470,,FGLV,,CABRETTASOF,M,FGLV
PRICELIST,13145S,PRODUCT DESCRIPTION 801,4F,40,SIX,30216,311217,1,20.471,,FGLV,,WEATHERSOF,M,FGLV
PRICELIST,13146M,PRODUCT DESCRIPTION 802,4C,40,EA,30216,311217,1,21.471,,FGLV,,SCIFLEX,M,FGLV
PRICELIST,13147L,PRODUCT DESCRIPTION 803,4C,40,EA,30216,311217,1,20.472,,FGLV,,SCIFLEX,M,FGLV
PRICELIST,13148XL,PRODUCT DESCRIPTION 804,4C,40,EA,30216,311217,1,21.472,,FGLV,,SCIFLEX,M,FGLV
PRICELIST,13149XXL,PRODUCT DESCRIPTION 805,95,70,PR,30216,311217,1,20.473,,SOCK,,L/W P/D EX SP 6,M,SCK1
PRICELIST,13150S,PRODUCT DESCRIPTION 806,95,70,PR,30216,311217,1,21.473,,SOCK,,L/W P/D EX SP 6,M,SCK1
PRICELIST,13151M,PRODUCT DESCRIPTION 807,95,70,PR,30216,311217,1,20.474,,SOCK,,L/W P/D EX L/C,M,SCK1
PRICELIST,13152L,PRODUCT DESCRIPTION 808,95,70,PR,30216,311217,1,21.474,,SOCK,,L/W P/D EX SP 6,M,SCK1
PRICELIST,13153XL,PRODUCT DESCRIPTION 809,95,70,SIX,30216,311217,1,20.475,,SOCK,,L/W P/D EX L/C,M,SCK1
PRICELIST,13154XXL,PRODUCT DESCRIPTION 810,95,70,PR,30216,311217,1,21.475,,SOCK,,L/W P/D EX SP 6,M,SCK1
PRICELIST,13155S,PRODUCT DESCRIPTION 811,96,70,SIX,30216,311217,1,20.476,,SOCK,,AWAIT CATEGORY,M,SCK1
PRICELIST,13156M,PRODUCT DESCRIPTION 812,96,70,SIX,30216,311217,1,21.476,,SOCK,,P/D EX SPT WM 6,M,SCK1
PRICELIST,13157L,PRODUCT DESCRIPTION 813,96,70,SIX,30216,311217,1,20.477,,SOCK,,P/D EX SPT WM 6,M,SCK1
PRICELIST,13158XL,PRODUCT DESCRIPTION 814,96,70,SIX,30216,311217,1,21.477,,SOCK,,P/D EX SPT WM 6,M,SCK1
PRICELIST,13159XXL,PRODUCT DESCRIPTION 815,96,70,SIX,30216,311217,1,20.478,,SOCK,,P/D EX SPT WM 6,M,SCK1
PRICELIST,13160S,PRODUCT DESCRIPTION 816,95,70,SIX,30216,311217,1,21.478,,SOCK,,L/W P/D EX L/C,M,SCK1
PRICELIST,13161M,PRODUCT DESCRIPTION 817,87,99,EA,30216,311217,1,20.479,,TACC,N,AWAIT CATEGORY,M,NADS
PRICELIST,13162L,PRODUCT DESCRIPTION 818,C8,97,EA,30216,311217,1,21.479,,,N,AWAIT CATEGORY,M,NFDS
PRICELIST,13163XL,PRODUCT DESCRIPTION 819,C8,97,EA,30216,311217,1,20.480,,,N,AWAIT CATEGORY,M,CACC
PRICELIST,13164XXL,PRODUCT DESCRIPTION 820,C8,97,EA,30216,311217,1,21.480,,,N,AWAIT CATEGORY,M,CACC
PRICELIST,13165S,PRODUCT DESCRIPTION 821,C8,97,EA,30216,311217,1,20.481,,,N,AWAIT CATEGORY,M,CACC
PRICELIST,13166M,PRODUCT DESCRIPTION 822,C8,97,EA,30216,311217,1,21.481,,,N,AWAIT CATEGORY,M,CACC
PRICELIST,13167L,PRODUCT DESCRIPTION 823,87,99,EA,30216,311217,1,20.482,,TACC,N,AWAIT CATEGORY,M,NADS
PRICELIST,13168XL,PRODUCT DESCRIPTION 824,87,99,EA,30216,311217,1,21.482,,TACC,N,AWAIT CATEGORY,M,NADS
PRICELIST,13169XXL,PRODUCT DESCRIPTION 825,11,10,DZ,30216,311217,1,20.483,,LOGO,,P.EXPT JAR B DZ,M,PINN
PRICELIST,13170S,PRODUCT DESCRIPTION 826,11,10,PK,30216,311217,1,21.483,,LOGO,,P.EXPT JAR B DZ,M,
PRICELIST,13171M,PRODUCT DESCRIPTION 827,11,10,PK,30216,311217,24,20.484,,LOGO,,P.EXPT JAR B DZ,M,
PRICELIST,13172L,PRODUCT DESCRIPTION 828,11,10,PK,30216,311217,48,21.484,,LOGO,,P.EXPT JAR B DZ,M,
PRICELIST,13173XL,PRODUCT DESCRIPTION 829,11,10,PK,30216,311217,96,20.485,,LOGO,,P.EXPT JAR B DZ,M,
PRICELIST,13174XXL,PRODUCT DESCRIPTION 830,11,10,PK,30216,311217,144,21.485,,LOGO,,P.EXPT JAR B DZ,M,
PRICELIST,13175S,PRODUCT DESCRIPTION 831,87,99,EA,30216,311217,1,20.486,,TACC,N,AWAIT CATEGORY,M,NADS
PRICELIST,13176M,PRODUCT DESCRIPTION 832,84,55,EA,30216,311217,1,21.486,,TBAG,,AWAIT CATEGORY,M,TBAG
PRICELIST,13177L,PRODUCT DESCRIPTION 833,84,55,EA,30216,311217,1,20.487,,TBAG,,AWAIT CATEGORY,M,TBAG
PRICELIST,13178XL,PRODUCT DESCRIPTION 834,84,55,EA,30216,311217,1,21.487,,TBAG,,AWAIT CATEGORY,M,TBAG
PRICELIST,13179XXL,PRODUCT DESCRIPTION 835,84,55,EA,30216,311217,1,20.488,,TBAG,,AWAIT CATEGORY,M,TBAG
PRICELIST,13180S,PRODUCT DESCRIPTION 836,84,55,EA,30216,311217,1,21.488,,TBAG,,AWAIT CATEGORY,M,TBAG
PRICELIST,13181M,PRODUCT DESCRIPTION 837,84,55,EA,30216,311217,1,20.489,,TBAG,,AWAIT CATEGORY,M,TBAG
PRICELIST,13182L,PRODUCT DESCRIPTION 838,84,55,EA,30216,311217,1,21.489,,TBAG,,AWAIT CATEGORY,M,TBAG
PRICELIST,13183XL,PRODUCT DESCRIPTION 839,84,55,EA,30216,311217,1,20.490,,TBAG,,AWAIT CATEGORY,M,TBAG
PRICELIST,13184XXL,PRODUCT DESCRIPTION 840,84,55,EA,30216,311217,1,21.490,,TBAG,,AWAIT CATEGORY,M,TBAG
PRICELIST,13185S,PRODUCT DESCRIPTION 841,84,55,EA,30216,311217,1,20.491,,TBAG,,AWAIT CATEGORY,M,TBAG
PRICELIST,13186M,PRODUCT DESCRIPTION 842,C8,97,EA,30216,311217,1,21.491,,,N,AWAIT CATEGORY,M,CACC
PRICELIST,13187L,PRODUCT DESCRIPTION 843,C8,97,EA,30216,311217,1,20.492,,,N,AWAIT CATEGORY,M,CACC
PRICELIST,13188XL,PRODUCT DESCRIPTION 844,C8,97,EA,30216,311217,1,21.492,,,N,AWAIT CATEGORY,M,CACC
PRICELIST,13189XXL,PRODUCT DESCRIPTION 845,C8,97,EA,30216,311217,1,20.493,,,N,AWAIT CATEGORY,M,CACC
PRICELIST,13190S,PRODUCT DESCRIPTION 846,C8,97,EA,30216,311217,1,21.493,,,N,AWAIT CATEGORY,M,CACC
PRICELIST,13191M,PRODUCT DESCRIPTION 847,87,99,EA,30216,311217,1,20.494,,TACC,N,AWAIT CATEGORY,M,NADS
PRICELIST,13192L,PRODUCT DESCRIPTION 848,87,99,EA,30216,311217,1,21.494,,TACC,N,AWAIT CATEGORY,M,NADS
PRICELIST,13193XL,PRODUCT DESCRIPTION 849,C8,97,EA,30216,311217,1,20.495,,,N,AWAIT CATEGORY,M,CACC
PRICELIST,13194XXL,PRODUCT DESCRIPTION 850,C8,97,EA,30216,311217,1,21.495,,,N,AWAIT CATEGORY,M,CACC
PRICELIST,13195S,PRODUCT DESCRIPTION 851,C8,97,EA,30216,311217,1,20.496,,,N,AWAIT CATEGORY,M,CACC
PRICELIST,13196M,PRODUCT DESCRIPTION 852,C6,97,EA,30216,311217,1,21.496,,,,AWAIT CATEGORY,M,CACC
PRICELIST,13197L,PRODUCT DESCRIPTION 853,C6,97,EA,30216,311217,1,20.497,,,,AWAIT CATEGORY,M,CACC
PRICELIST,13198XL,PRODUCT DESCRIPTION 854,C6,97,EA,30216,311217,1,21.497,,,,AWAIT CATEGORY,M,CACC
PRICELIST,13199XXL,PRODUCT DESCRIPTION 855,99,99,BX,30216,311217,1,20.498,,FACC,N,AWAIT CATEGORY,M,NFDS
PRICELIST,13200S,PRODUCT DESCRIPTION 856,95,70,SIX,30216,311217,1,21.498,,SOCK,,AWAIT CATEGORY,M,SCK1
PRICELIST,13201M,PRODUCT DESCRIPTION 857,89,60,PR,30216,311217,1,20.499,,SHOE,,MYJOYS DRYJOYS,M,NSDS
PRICELIST,13202L,PRODUCT DESCRIPTION 858,89,60,PR,30216,311217,1,21.499,,SHOE,,MYJOYS CONTOUR,M,NSDS
PRICELIST,13203XL,PRODUCT DESCRIPTION 859,89,60,PR,30216,311217,1,20.500,,SHOE,,MYJOYS CONTOUR,M,NSDS
PRICELIST,13204XXL,PRODUCT DESCRIPTION 860,89,60,EA,30216,311217,1,21.500,,SHOE,,AWAIT CATEGORY,C,FJ1
PRICELIST,13205S,PRODUCT DESCRIPTION 861,85,50,EA,30216,311217,1,20.501,,TACC,,AWAIT CATEGORY,M,TACC
PRICELIST,13206M,PRODUCT DESCRIPTION 862,85,50,EA,30216,311217,1,21.501,,TACC,,AWAIT CATEGORY,M,TACC
PRICELIST,13207L,PRODUCT DESCRIPTION 863,85,50,EA,30216,311217,1,20.502,,TACC,,AWAIT CATEGORY,M,TACC
PRICELIST,13208XL,PRODUCT DESCRIPTION 864,85,50,DZ,30216,311217,1,21.502,,TACC,,AWAIT CATEGORY,M,TACC
PRICELIST,13209XXL,PRODUCT DESCRIPTION 865,85,50,DZ,30216,311217,1,20.503,,TACC,,AWAIT CATEGORY,M,TACC
PRICELIST,13210S,PRODUCT DESCRIPTION 866,84,55,EA,30216,311217,1,21.503,,TBAG,,AWAIT CATEGORY,C,TBAG
PRICELIST,13211M,PRODUCT DESCRIPTION 867,85,50,EA,30216,311217,1,20.504,,TACC,,AWAIT CATEGORY,M,TACC
PRICELIST,13212L,PRODUCT DESCRIPTION 868,85,50,SIX,30216,311217,1,21.504,,TACC,,AWAIT CATEGORY,M,TACC
PRICELIST,13213XL,PRODUCT DESCRIPTION 869,85,50,EA,30216,311217,1,20.505,,TACC,,AWAIT CATEGORY,M,TACC
PRICELIST,13214XXL,PRODUCT DESCRIPTION 870,85,50,EA,30216,311217,1,21.505,,TACC,,AWAIT CATEGORY,M,TACC
PRICELIST,13215S,PRODUCT DESCRIPTION 871,85,50,EA,30216,311217,1,20.506,,TACC,,AWAIT CATEGORY,M,TACC
PRICELIST,13216M,PRODUCT DESCRIPTION 872,85,50,EA,30216,311217,1,21.506,,TACC,,AWAIT CATEGORY,M,TACC
PRICELIST,13217L,PRODUCT DESCRIPTION 873,85,50,EA,30216,311217,1,20.507,,TACC,,AWAIT CATEGORY,M,TACC
PRICELIST,13218XL,PRODUCT DESCRIPTION 874,85,50,EA,30216,311217,1,21.507,,TACC,,AWAIT CATEGORY,M,TACC
PRICELIST,13219XXL,PRODUCT DESCRIPTION 875,85,50,EA,30216,311217,1,20.508,,TACC,,AWAIT CATEGORY,M,TACC
PRICELIST,13220S,PRODUCT DESCRIPTION 876,84,55,EA,30216,311217,1,21.508,,TBAG,,AWAIT CATEGORY,C,TBAG
PRICELIST,13221M,PRODUCT DESCRIPTION 877,85,50,EA,30216,311217,1,20.509,,TACC,,AWAIT CATEGORY,M,TACC
PRICELIST,13222L,PRODUCT DESCRIPTION 878,85,50,EA,30216,311217,1,21.509,,TACC,,AWAIT CATEGORY,M,TACC
PRICELIST,13223XL,PRODUCT DESCRIPTION 879,85,50,EA,30216,311217,1,20.510,,TACC,,AWAIT CATEGORY,M,TACC
PRICELIST,13224XXL,PRODUCT DESCRIPTION 880,85,50,EA,30216,311217,1,21.510,,TACC,,D/CANOPY UMBREL,C,TACC
PRICELIST,13225S,PRODUCT DESCRIPTION 881,84,55,EA,30216,311217,1,20.511,,TBAG,,AWAIT CATEGORY,C,TBAG
PRICELIST,13226M,PRODUCT DESCRIPTION 882,85,50,DZ,30216,311217,1,21.511,,TACC,,AWAIT CATEGORY,M,TACC
PRICELIST,13227L,PRODUCT DESCRIPTION 883,85,50,DZ,30216,311217,1,20.512,,TACC,,AWAIT CATEGORY,M,TACC
PRICELIST,13228XL,PRODUCT DESCRIPTION 884,85,50,DZ,30216,311217,1,21.512,,TACC,,AWAIT CATEGORY,M,TACC
PRICELIST,13229XXL,PRODUCT DESCRIPTION 885,85,50,DZ,30216,311217,1,20.513,,TACC,,AWAIT CATEGORY,M,TACC
PRICELIST,13230S,PRODUCT DESCRIPTION 886,85,50,DZ,30216,311217,1,21.513,,TACC,,AWAIT CATEGORY,C,TACC
PRICELIST,13231M,PRODUCT DESCRIPTION 887,85,50,DZ,30216,311217,1,20.514,,TACC,,AWAIT CATEGORY,M,TACC
PRICELIST,13232L,PRODUCT DESCRIPTION 888,87,99,EA,30216,311217,1,21.514,,TACC,N,AWAIT CATEGORY,M,NADS
PRICELIST,13233XL,PRODUCT DESCRIPTION 889,85,50,EA,30216,311217,1,20.515,,TACC,,WHEELED DUF BAG,M,TACC
PRICELIST,13234XXL,PRODUCT DESCRIPTION 890,85,50,EA,30216,311217,1,21.515,,TACC,,AWAIT CATEGORY,M,TACC
PRICELIST,13235S,PRODUCT DESCRIPTION 891,85,50,EA,30216,311217,1,20.516,,TACC,,AWAIT CATEGORY,M,TACC
PRICELIST,13236M,PRODUCT DESCRIPTION 892,85,50,EA,30216,311217,1,21.516,,TACC,,AWAIT CATEGORY,M,TACC
PRICELIST,13237L,PRODUCT DESCRIPTION 893,85,50,EA,30216,311217,1,20.517,,TACC,,AWAIT CATEGORY,M,TACC
PRICELIST,13238XL,PRODUCT DESCRIPTION 894,85,50,EA,30216,311217,1,21.517,,TACC,,AWAIT CATEGORY,M,TACC
PRICELIST,13239XXL,PRODUCT DESCRIPTION 895,85,50,EA,30216,311217,1,20.518,,TACC,,AWAIT CATEGORY,M,TACC
PRICELIST,13240S,PRODUCT DESCRIPTION 896,C6,97,SIX,30216,311217,1,21.518,,,,AWAIT CATEGORY,M,CACC
PRICELIST,13241M,PRODUCT DESCRIPTION 897,C6,97,SIX,30216,311217,1,20.519,,,,AWAIT CATEGORY,M,CACC
PRICELIST,13242L,PRODUCT DESCRIPTION 898,C7,96,EA,30216,311217,1,21.519,,,,AWAIT CATEGORY,M,CBAG
PRICELIST,13243XL,PRODUCT DESCRIPTION 899,85,50,PR,30216,311217,1,20.520,,TACC,,T/WINTER MITTS,M,TACC
PRICELIST,13244XXL,PRODUCT DESCRIPTION 900,HD,40,EA,30216,311217,1,21.520,,FGLV,,Q MARK SCIFLEX,C,FGLV
PRICELIST,13245S,PRODUCT DESCRIPTION 901,06,40,EA,30216,311217,1,20.521,,FGLV,,QM WEATHERSOF,M,FGLV
PRICELIST,13246M,PRODUCT DESCRIPTION 902,06,40,EA,30216,311217,1,21.521,,FGLV,,QM SCI-FLEX,M,FGLV
PRICELIST,13247L,PRODUCT DESCRIPTION 903,98,80,EA,30216,311217,1,20.522,,FACC,,AWAIT CATEGORY,M,FJAC
PRICELIST,13248XL,PRODUCT DESCRIPTION 904,98,80,EA,30216,311217,1,21.522,,FACC,,AWAIT CATEGORY,M,FJAC
PRICELIST,13249XXL,PRODUCT DESCRIPTION 905,88,70,SIX,30216,311217,1,20.523,,SOCK,,AWAIT CATEGORY,C,SCK1
PRICELIST,13250S,PRODUCT DESCRIPTION 906,85,50,SIX,30216,311217,1,21.523,,TACC,,AWAIT CATEGORY,M,TACC
PRICELIST,13251M,PRODUCT DESCRIPTION 907,99,99,EA,30216,311217,1,20.524,,FACC,N,AWAIT CATEGORY,M,NFDS
PRICELIST,13252L,PRODUCT DESCRIPTION 908,C8,97,EA,30216,311217,1,21.524,,,N,AWAIT CATEGORY,M,CACC
PRICELIST,13253XL,PRODUCT DESCRIPTION 909,99,99,EA,30216,311217,1,20.525,,FACC,N,AWAIT CATEGORY,M,NFDS
PRICELIST,13254XXL,PRODUCT DESCRIPTION 910,99,99,EA,30216,311217,1,21.525,,FACC,N,AWAIT CATEGORY,M,NFDS
PRICELIST,13255S,PRODUCT DESCRIPTION 911,99,99,EA,30216,311217,1,20.526,,FACC,N,AWAIT CATEGORY,M,NFDS
PRICELIST,13256M,PRODUCT DESCRIPTION 912,99,99,EA,30216,311217,1,21.526,,FACC,N,AWAIT CATEGORY,M,NFDS
PRICELIST,13257L,PRODUCT DESCRIPTION 913,87,99,EA,30216,311217,1,20.527,,TACC,N,AWAIT CATEGORY,M,NADS
PRICELIST,13258XL,PRODUCT DESCRIPTION 914,87,99,EA,30216,311217,1,21.527,,TACC,N,AWAIT CATEGORY,M,NADS
PRICELIST,13259XXL,PRODUCT DESCRIPTION 915,87,99,EA,30216,311217,1,20.528,,TACC,N,AWAIT CATEGORY,M,NADS
PRICELIST,13260S,PRODUCT DESCRIPTION 916,87,99,EA,30216,311217,1,21.528,,TACC,N,AWAIT CATEGORY,M,NADS
PRICELIST,13261M,PRODUCT DESCRIPTION 917,C8,97,EA,30216,311217,1,20.529,,,N,AWAIT CATEGORY,M,CACC
PRICELIST,13262L,PRODUCT DESCRIPTION 918,C8,97,EA,30216,311217,1,21.529,,,N,AWAIT CATEGORY,M,CACC
PRICELIST,13263XL,PRODUCT DESCRIPTION 919,C8,97,EA,30216,311217,1,20.530,,,N,AWAIT CATEGORY,M,CACC
PRICELIST,13264XXL,PRODUCT DESCRIPTION 920,C8,97,EA,30216,311217,1,21.530,,,N,AWAIT CATEGORY,M,CACC
PRICELIST,13265S,PRODUCT DESCRIPTION 921,C8,97,EA,30216,311217,1,20.531,,,N,AWAIT CATEGORY,M,CACC
PRICELIST,13266M,PRODUCT DESCRIPTION 922,C8,97,EA,30216,311217,1,21.531,,,N,AWAIT CATEGORY,M,CACC
PRICELIST,13267L,PRODUCT DESCRIPTION 923,C8,97,EA,30216,311217,1,20.532,,,N,AWAIT CATEGORY,M,CACC
PRICELIST,13268XL,PRODUCT DESCRIPTION 924,C8,97,EA,30216,311217,1,21.532,,,N,AWAIT CATEGORY,M,CACC
PRICELIST,13269XXL,PRODUCT DESCRIPTION 925,C8,97,EA,30216,311217,1,20.533,,,N,AWAIT CATEGORY,M,CACC
PRICELIST,13270S,PRODUCT DESCRIPTION 926,87,99,EA,30216,311217,1,21.533,,TACC,N,AWAIT CATEGORY,M,NADS
PRICELIST,13271M,PRODUCT DESCRIPTION 927,87,99,EA,30216,311217,1,20.534,,TACC,N,AWAIT CATEGORY,M,NADS
PRICELIST,13272L,PRODUCT DESCRIPTION 928,87,99,EA,30216,311217,1,21.534,,TACC,N,AWAIT CATEGORY,M,NADS
PRICELIST,13273XL,PRODUCT DESCRIPTION 929,99,99,EA,30216,311217,1,20.535,,FACC,N,AWAIT CATEGORY,M,NFDS
PRICELIST,13274XXL,PRODUCT DESCRIPTION 930,99,99,EA,30216,311217,1,21.535,,FACC,N,AWAIT CATEGORY,M,NFDS
PRICELIST,13275S,PRODUCT DESCRIPTION 931,87,99,EA,30216,311217,1,20.536,,TACC,N,AWAIT CATEGORY,C,NADS
PRICELIST,13276M,PRODUCT DESCRIPTION 932,99,99,EA,30216,311217,1,21.536,,FACC,N,AWAIT CATEGORY,M,NFDS
PRICELIST,13277L,PRODUCT DESCRIPTION 933,99,99,EA,30216,311217,1,20.537,,FACC,N,AWAIT CATEGORY,M,NFDS
PRICELIST,13278XL,PRODUCT DESCRIPTION 934,99,99,EA,30216,311217,1,21.537,,FACC,N,AWAIT CATEGORY,M,NFDS
PRICELIST,13279XXL,PRODUCT DESCRIPTION 935,87,99,EA,30216,311217,1,20.538,,TACC,N,AWAIT CATEGORY,M,NADS
PRICELIST,13280S,PRODUCT DESCRIPTION 936,2K,20,EA,30216,311217,1,21.538,,,,BAND G1,C,NODS
PRICELIST,13281M,PRODUCT DESCRIPTION 937,2K,20,EA,30216,311217,1,20.539,,,,BAND G2,C,NODS
PRICELIST,13282L,PRODUCT DESCRIPTION 938,10,10,DZ,30216,311217,1,21.539,,BALL,,AWAIT CATEGORY,M,GB1
PRICELIST,13283XL,PRODUCT DESCRIPTION 939,2U,20,EA,30216,311217,1,20.540,,,,AWAIT CATEGORY,M,TPUT
PRICELIST,13284S,PRODUCT DESCRIPTION 940,99,99,EA,30216,311217,1,21.540,,FACC,N,AWAIT CATEGORY,M,NFDS
PRICELIST,13285M,PRODUCT DESCRIPTION 941,99,99,EA,30216,311217,1,20.541,,FACC,N,AWAIT CATEGORY,M,NFDS
PRICELIST,13286L,PRODUCT DESCRIPTION 942,82,55,EA,30216,311217,1,21.541,,TBAG,,AWAIT CATEGORY,M,TACC
PRICELIST,13287XL,PRODUCT DESCRIPTION 943,87,99,EA,30216,311217,1,20.542,,TACC,N,AWAIT CATEGORY,M,NADS
PRICELIST,13288XXL,PRODUCT DESCRIPTION 944,87,99,EA,30216,311217,1,21.542,,TACC,N,AWAIT CATEGORY,M,NADS
PRICELIST,13289S,PRODUCT DESCRIPTION 945,9S,60,PR,30216,311217,1,20.543,,SHOE,,CONTOUR,M,FJ1
PRICELIST,13290M,PRODUCT DESCRIPTION 946,9P,60,PR,30216,311217,1,21.543,,SHOE,,GREENJOYS,M,FJ1
PRICELIST,13291L,PRODUCT DESCRIPTION 947,9O,60,PR,30216,311217,1,20.544,,SHOE,,SOFTJOY,M,FJ1
PRICELIST,13292XL,PRODUCT DESCRIPTION 948,9K,60,PR,30216,311217,1,21.544,,SHOE,,AQL,M,FJ1
PRICELIST,13293XXL,PRODUCT DESCRIPTION 949,9H,60,PR,30216,311217,1,20.545,,SHOE,,DRYJOYS,M,FJ1
PRICELIST,13294S,PRODUCT DESCRIPTION 950,99,99,EA,30216,311217,1,21.545,,FACC,N,AWAIT CATEGORY,C,NFDS
PRICELIST,13295M,PRODUCT DESCRIPTION 951,99,99,EA,30216,311217,1,20.546,,FACC,N,AWAIT CATEGORY,M,NADS
PRICELIST,13296L,PRODUCT DESCRIPTION 952,99,99,EA,30216,311217,1,21.546,,FACC,N,AWAIT CATEGORY,M,NADS
PRICELIST,13297XL,PRODUCT DESCRIPTION 953,99,99,EA,30216,311217,1,20.547,,FACC,N,AWAIT CATEGORY,M,NFDS
PRICELIST,13298XXL,PRODUCT DESCRIPTION 954,99,99,EA,30216,311217,1,21.547,,FACC,N,AWAIT CATEGORY,M,NFDS
PRICELIST,13299S,PRODUCT DESCRIPTION 955,99,99,EA,30216,311217,1,20.548,,FACC,N,AWAIT CATEGORY,M,NADS
PRICELIST,13300M,PRODUCT DESCRIPTION 956,99,99,EA,30216,311217,1,21.548,,FACC,N,AWAIT CATEGORY,M,NADS
PRICELIST,13301L,PRODUCT DESCRIPTION 957,99,99,EA,30216,311217,1,20.549,,FACC,N,AWAIT CATEGORY,M,NADS
PRICELIST,13302XL,PRODUCT DESCRIPTION 958,99,99,EA,30216,311217,1,21.549,,FACC,N,AWAIT CATEGORY,M,NFDS
PRICELIST,13303XXL,PRODUCT DESCRIPTION 959,99,99,EA,30216,311217,1,20.550,,FACC,N,AWAIT CATEGORY,M,NADS
PRICELIST,13304S,PRODUCT DESCRIPTION 960,99,99,EA,30216,311217,1,21.550,,FACC,N,AWAIT CATEGORY,M,NFDS
PRICELIST,13305M,PRODUCT DESCRIPTION 961,99,99,EA,30216,311217,1,20.551,,FACC,N,AWAIT CATEGORY,M,NADS
PRICELIST,13306L,PRODUCT DESCRIPTION 962,99,99,EA,30216,311217,1,21.551,,FACC,N,AWAIT CATEGORY,M,NFDS
PRICELIST,13307XL,PRODUCT DESCRIPTION 963,99,99,EA,30216,311217,1,20.552,,FACC,N,AWAIT CATEGORY,M,NADS
PRICELIST,13308XXL,PRODUCT DESCRIPTION 964,99,99,EA,30216,311217,1,21.552,,FACC,N,AWAIT CATEGORY,M,NADS
PRICELIST,13309S,PRODUCT DESCRIPTION 965,99,99,EA,30216,311217,1,20.553,,FACC,N,AWAIT CATEGORY,M,NFDS
PRICELIST,13310M,PRODUCT DESCRIPTION 966,99,99,EA,30216,311217,1,21.553,,FACC,N,AWAIT CATEGORY,M,NADS
PRICELIST,13311L,PRODUCT DESCRIPTION 967,99,99,EA,30216,311217,1,20.554,,FACC,N,AWAIT CATEGORY,M,NFDS
PRICELIST,13312XL,PRODUCT DESCRIPTION 968,99,99,EA,30216,311217,1,21.554,,FACC,N,AWAIT CATEGORY,M,NFDS
PRICELIST,13313XXL,PRODUCT DESCRIPTION 969,99,99,EA,30216,311217,1,20.555,,FACC,N,AWAIT CATEGORY,M,NADS
PRICELIST,13314S,PRODUCT DESCRIPTION 970,99,99,EA,30216,311217,1,21.555,,FACC,N,AWAIT CATEGORY,M,NFDS
PRICELIST,13315M,PRODUCT DESCRIPTION 971,99,99,EA,30216,311217,1,20.556,,FACC,N,AWAIT CATEGORY,M,NADS
PRICELIST,13316L,PRODUCT DESCRIPTION 972,99,99,EA,30216,311217,1,21.556,,FACC,N,AWAIT CATEGORY,M,NADS
PRICELIST,13317XL,PRODUCT DESCRIPTION 973,99,99,EA,30216,311217,1,20.557,,FACC,N,AWAIT CATEGORY,M,NADS
PRICELIST,13318XXL,PRODUCT DESCRIPTION 974,99,99,EA,30216,311217,1,21.557,,FACC,N,AWAIT CATEGORY,M,NFDS
PRICELIST,13319S,PRODUCT DESCRIPTION 975,99,99,EA,30216,311217,1,20.558,,FACC,N,AWAIT CATEGORY,M,NFDS
PRICELIST,13320M,PRODUCT DESCRIPTION 976,99,99,EA,30216,311217,1,21.558,,FACC,N,AWAIT CATEGORY,M,NFDS
PRICELIST,13321L,PRODUCT DESCRIPTION 977,99,99,EA,30216,311217,1,20.559,,FACC,N,AWAIT CATEGORY,M,NFDS
PRICELIST,13322XL,PRODUCT DESCRIPTION 978,99,99,EA,30216,311217,1,21.559,,FACC,N,AWAIT CATEGORY,M,NADS
PRICELIST,13323XXL,PRODUCT DESCRIPTION 979,99,99,EA,30216,311217,1,20.560,,FACC,N,AWAIT CATEGORY,M,NFDS
PRICELIST,13324S,PRODUCT DESCRIPTION 980,98,80,EA,30216,311217,1,21.560,,FACC,,AWAIT CATEGORY,M,FJAC
PRICELIST,13325M,PRODUCT DESCRIPTION 981,97,70,PK,30216,311217,1,20.561,,SOCK,,AWAIT CATEGORY,M,SCK1
PRICELIST,13326L,PRODUCT DESCRIPTION 982,96,70,SIX,30216,311217,1,21.561,,SOCK,,AWAIT CATEGORY,M,SCK1
PRICELIST,13327XL,PRODUCT DESCRIPTION 983,8K,67,EA,30216,311217,1,20.562,,RAIN,,AWAIT CATEGORY,M,FJOW
PRICELIST,13328XXL,PRODUCT DESCRIPTION 984,8B,67,EA,30216,311217,1,21.562,,RAIN,,AWAIT CATEGORY,C,FJOW
PRICELIST,13329S,PRODUCT DESCRIPTION 985,89,60,PR,30216,311217,1,20.563,,SHOE,,MYJOYS DRYJOYS,M,NSDS
PRICELIST,13330M,PRODUCT DESCRIPTION 986,89,60,PR,30216,311217,1,21.563,,SHOE,,MJ D/JOYS S/LES,M,NSDS
PRICELIST,13331L,PRODUCT DESCRIPTION 987,89,60,PR,30216,311217,1,20.564,,SHOE,,MJ D/JOYS S/LES,M,NSDS
PRICELIST,13332XL,PRODUCT DESCRIPTION 988,87,99,EA,30216,311217,1,21.564,,TACC,N,AWAIT CATEGORY,M,NADS
PRICELIST,13333XXL,PRODUCT DESCRIPTION 989,87,99,EA,30216,311217,1,20.565,,TACC,N,AWAIT CATEGORY,M,NADS
PRICELIST,13334S,PRODUCT DESCRIPTION 990,87,99,EA,30216,311217,1,21.565,,TACC,N,AWAIT CATEGORY,M,NADS
PRICELIST,13335M,PRODUCT DESCRIPTION 991,87,99,EA,30216,311217,1,20.566,,TACC,N,AWAIT CATEGORY,M,NADS
PRICELIST,13336L,PRODUCT DESCRIPTION 992,87,99,EA,30216,311217,1,21.566,,TACC,N,AWAIT CATEGORY,M,NADS
PRICELIST,13337XL,PRODUCT DESCRIPTION 993,87,99,EA,30216,311217,1,20.567,,TACC,N,AWAIT CATEGORY,M,NADS
PRICELIST,13338XXL,PRODUCT DESCRIPTION 994,87,99,EA,30216,311217,1,21.567,,TACC,N,AWAIT CATEGORY,M,NADS
PRICELIST,13339S,PRODUCT DESCRIPTION 995,87,99,EA,30216,311217,1,20.568,,TACC,N,AWAIT CATEGORY,M,NADS
PRICELIST,13340M,PRODUCT DESCRIPTION 996,87,99,EA,30216,311217,1,21.568,,TACC,N,AWAIT CATEGORY,M,NADS
PRICELIST,13341L,PRODUCT DESCRIPTION 997,87,99,EA,30216,311217,1,20.569,,TACC,N,AWAIT CATEGORY,M,NADS
PRICELIST,13342XL,PRODUCT DESCRIPTION 998,87,99,EA,30216,311217,1,21.569,,TACC,N,AWAIT CATEGORY,M,NADS
PRICELIST,13343XXL,PRODUCT DESCRIPTION 999,87,99,EA,30216,311217,1,20.570,,TACC,N,AWAIT CATEGORY,M,NADS
PRICELIST,13344S,PRODUCT DESCRIPTION 1000,87,99,EA,30216,311217,1,21.570,,TACC,N,AWAIT CATEGORY,M,NADS
PRICELIST,13345M,PRODUCT DESCRIPTION 1001,87,99,EA,30216,311217,1,20.571,,TACC,N,AWAIT CATEGORY,M,NADS
PRICELIST,13346L,PRODUCT DESCRIPTION 1002,87,99,EA,30216,311217,1,21.571,,TACC,N,AWAIT CATEGORY,M,NADS
PRICELIST,13347XL,PRODUCT DESCRIPTION 1003,87,99,EA,30216,311217,1,20.572,,TACC,N,AWAIT CATEGORY,M,NADS
PRICELIST,13348XXL,PRODUCT DESCRIPTION 1004,87,99,EA,30216,311217,1,21.572,,TACC,N,AWAIT CATEGORY,M,NADS
PRICELIST,13349S,PRODUCT DESCRIPTION 1005,87,99,EA,30216,311217,1,20.573,,TACC,N,AWAIT CATEGORY,M,NADS
PRICELIST,13350M,PRODUCT DESCRIPTION 1006,87,99,EA,30216,311217,1,21.573,,TACC,N,AWAIT CATEGORY,M,NADS
PRICELIST,13351L,PRODUCT DESCRIPTION 1007,87,99,EA,30216,311217,1,20.574,,TACC,N,AWAIT CATEGORY,M,NADS
PRICELIST,13352XL,PRODUCT DESCRIPTION 1008,87,99,EA,30216,311217,1,21.574,,TACC,N,AWAIT CATEGORY,M,NADS
PRICELIST,13353XXL,PRODUCT DESCRIPTION 1009,87,99,EA,30216,311217,1,20.575,,TACC,N,AWAIT CATEGORY,M,NADS
PRICELIST,13354S,PRODUCT DESCRIPTION 1010,87,99,EA,30216,311217,1,21.575,,TACC,N,AWAIT CATEGORY,M,NADS
PRICELIST,13355M,PRODUCT DESCRIPTION 1011,87,99,EA,30216,311217,1,20.576,,TACC,N,AWAIT CATEGORY,M,NADS
PRICELIST,13356L,PRODUCT DESCRIPTION 1012,87,99,EA,30216,311217,1,21.576,,TACC,N,AWAIT CATEGORY,M,NADS
PRICELIST,13357XL,PRODUCT DESCRIPTION 1013,87,99,EA,30216,311217,1,20.577,,TACC,N,AWAIT CATEGORY,M,NADS
PRICELIST,13358XXL,PRODUCT DESCRIPTION 1014,87,99,EA,30216,311217,1,21.577,,TACC,N,AWAIT CATEGORY,M,NADS
PRICELIST,13359S,PRODUCT DESCRIPTION 1015,87,99,EA,30216,311217,1,20.578,,TACC,N,AWAIT CATEGORY,M,NADS
PRICELIST,13360M,PRODUCT DESCRIPTION 1016,87,99,EA,30216,311217,1,21.578,,TACC,N,AWAIT CATEGORY,C,NADS
PRICELIST,13361L,PRODUCT DESCRIPTION 1017,87,99,EA,30216,311217,1,20.579,,TACC,N,AWAIT CATEGORY,C,NADS
PRICELIST,13362XL,PRODUCT DESCRIPTION 1018,87,99,EA,30216,311217,1,21.579,,TACC,N,AWAIT CATEGORY,M,NADS
PRICELIST,13363XXL,PRODUCT DESCRIPTION 1019,87,99,EA,30216,311217,1,20.580,,TACC,N,AWAIT CATEGORY,M,NADS
PRICELIST,13364S,PRODUCT DESCRIPTION 1020,87,99,EA,30216,311217,1,21.580,,TACC,N,AWAIT CATEGORY,M,NADS
PRICELIST,13365M,PRODUCT DESCRIPTION 1021,87,99,EA,30216,311217,1,20.581,,TACC,N,AWAIT CATEGORY,M,NADS
PRICELIST,13366L,PRODUCT DESCRIPTION 1022,87,99,EA,30216,311217,1,21.581,,TACC,N,AWAIT CATEGORY,M,NADS
PRICELIST,13367XL,PRODUCT DESCRIPTION 1023,87,99,EA,30216,311217,1,20.582,,TACC,N,AWAIT CATEGORY,M,NADS
PRICELIST,13368XXL,PRODUCT DESCRIPTION 1024,87,99,EA,30216,311217,1,21.582,,TACC,N,AWAIT CATEGORY,M,NADS
PRICELIST,13369S,PRODUCT DESCRIPTION 1025,87,99,EA,30216,311217,1,20.583,,TACC,N,AWAIT CATEGORY,M,NADS
PRICELIST,13370M,PRODUCT DESCRIPTION 1026,87,99,EA,30216,311217,1,21.583,,TACC,N,AWAIT CATEGORY,M,NADS
PRICELIST,13371L,PRODUCT DESCRIPTION 1027,87,99,EA,30216,311217,1,20.584,,TACC,N,AWAIT CATEGORY,C,NADS
PRICELIST,13372XL,PRODUCT DESCRIPTION 1028,87,99,EA,30216,311217,1,21.584,,TACC,N,AWAIT CATEGORY,M,NADS
PRICELIST,13373XXL,PRODUCT DESCRIPTION 1029,85,50,DZ,30216,311217,1,20.585,,TACC,N,AWAIT CATEGORY,M,TACC
PRICELIST,13374S,PRODUCT DESCRIPTION 1030,77,45,PK,30216,311217,1,21.585,,TGLV,,PERMA-SOFT,M,TGLV
PRICELIST,13375M,PRODUCT DESCRIPTION 1031,4H,40,EA,30216,311217,1,20.586,,FGLV,,FOOTJOY JUNIOR,M,FGLV
PRICELIST,13376L,PRODUCT DESCRIPTION 1032,4G,40,PR,30216,311217,1,21.586,,FGLV,,R/GRIP EXT PAIR,M,FGLV
PRICELIST,13377XL,PRODUCT DESCRIPTION 1033,4C,40,SIX,30216,311217,1,20.587,,FGLV,,SCIFLEX 1/2 DOZ,M,FGLV
PRICELIST,13378XXL,PRODUCT DESCRIPTION 1034,4C,40,EA,30216,311217,1,21.587,,FGLV,,SCIFLEX,C,FGLV
PRICELIST,13379S,PRODUCT DESCRIPTION 1035,18,20,ST,30216,311217,1,20.588,,,,AWAIT CATEGORY,M,TIRN
PRICELIST,13380M,PRODUCT DESCRIPTION 1036,18,20,ST,30216,311217,1,21.588,,,,AWAIT CATEGORY,M,TIRN
PRICELIST,13381L,PRODUCT DESCRIPTION 1037,06,40,EA,30216,311217,1,20.589,,FGLV,,QM WSOF GTX,C,FGLV
PRICELIST,13382XL,PRODUCT DESCRIPTION 1038,2U,20,EA,30216,311217,1,21.589,,,,AWAIT CATEGORY,C,TPUT
PRICELIST,13383XXL,PRODUCT DESCRIPTION 1039,2U,20,EA,30216,311217,1,20.590,,,,AWAIT CATEGORY,C,TPUT
PRICELIST,13384S,PRODUCT DESCRIPTION 1040,2U,20,EA,30216,311217,1,21.590,,,,AWAIT CATEGORY,M,TPUT
PRICELIST,13385M,PRODUCT DESCRIPTION 1041,2U,20,EA,30216,311217,1,20.591,,,,AWAIT CATEGORY,M,TPUT
PRICELIST,13386L,PRODUCT DESCRIPTION 1042,2T,20,EA,30216,311217,1,21.591,,,,AWAIT CATEGORY,C,TPUT
PRICELIST,13387XL,PRODUCT DESCRIPTION 1043,2Q,20,EA,30216,311217,1,20.592,,,,SC STUDIO SEL,M,TPUT
PRICELIST,13388XXL,PRODUCT DESCRIPTION 1044,2T,20,EA,30216,311217,1,21.592,,,,AWAIT CATEGORY,C,TPUT
PRICELIST,13389S,PRODUCT DESCRIPTION 1045,85,20,EA,30216,311217,1,20.593,,,N,AWAIT CATEGORY,C,NODS
PRICELIST,13390M,PRODUCT DESCRIPTION 1046,87,99,EA,30216,311217,1,21.593,,TACC,,AWAIT CATEGORY,M,NADS
PRICELIST,13391L,PRODUCT DESCRIPTION 1047,85,50,EA,30216,311217,1,20.594,,TACC,,AWAIT CATEGORY,C,TACC
PRICELIST,13392XL,PRODUCT DESCRIPTION 1048,85,50,EA,30216,311217,1,21.594,,TACC,,AWAIT CATEGORY,M,TACC
PRICELIST,13393XXL,PRODUCT DESCRIPTION 1049,85,50,EA,30216,311217,1,20.595,,TACC,,AWAIT CATEGORY,M,TACC
PRICELIST,13394S,PRODUCT DESCRIPTION 1050,82,55,EA,30216,311217,1,21.595,,TBAG,,AWAIT CATEGORY,M,TACC
PRICELIST,13395M,PRODUCT DESCRIPTION 1051,10,10,DZ,30216,311217,1,20.596,,BALL,,AWAIT CATEGORY,M,PINN
PRICELIST,13396L,PRODUCT DESCRIPTION 1052,15,10,PK,30216,311217,1,21.596,,BALL,,P GOLD DISTANCE,M,PINN
PRICELIST,13397XL,PRODUCT DESCRIPTION 1053,15,10,PK,30216,311217,1,20.597,,BALL,,P GOLD DISTANCE,M,PINN
PRICELIST,13398XXL,PRODUCT DESCRIPTION 1054,85,50,EA,30216,311217,1,21.597,,TACC,,AWAIT CATEGORY,M,TACC
PRICELIST,13399S,PRODUCT DESCRIPTION 1055,85,50,PR,30216,311217,1,20.598,,TACC,,T/WINTER MITTS,M,TACC
PRICELIST,13400M,PRODUCT DESCRIPTION 1056,98,80,EA,30216,311217,1,21.598,,FACC,,AWAIT CATEGORY,M,FJAC
PRICELIST,13401L,PRODUCT DESCRIPTION 1057,10,10,DZ,30216,311217,1,20.599,,BALL,,AWAIT CATEGORY,M,GB1
PRICELIST,13402XL,PRODUCT DESCRIPTION 1058,11,10,DZ,30216,311217,96,21.599,,LOGO,,AWAIT CATEGORY,M,GB1
PRICELIST,13403XXL,PRODUCT DESCRIPTION 1059,11,10,DZ,30216,311217,144,20.600,,LOGO,,AWAIT CATEGORY,M,GB1
PRICELIST,13404S,PRODUCT DESCRIPTION 1060,11,10,DZ,30216,311217,24,21.600,,LOGO,,AWAIT CATEGORY,M,GB1
PRICELIST,13405M,PRODUCT DESCRIPTION 1061,11,10,DZ,30216,311217,48,20.601,,LOGO,,AWAIT CATEGORY,M,GB1
PRICELIST,13406L,PRODUCT DESCRIPTION 1062,11,10,DZ,30216,311217,1,21.601,,LOGO,,AWAIT CATEGORY,M,GB1
PRICELIST,13407XL,PRODUCT DESCRIPTION 1063,85,50,PR,30216,311217,1,20.602,,TACC,,AWAIT CATEGORY,M,TACC
PRICELIST,13408XXL,PRODUCT DESCRIPTION 1064,95,70,PR,30216,311217,1,21.602,,SOCK,,L/W P/D EX CR 6,M,SCK1
PRICELIST,13409S,PRODUCT DESCRIPTION 1065,84,55,EA,30216,311217,1,20.603,,TBAG,,AWAIT CATEGORY,M,TBAG
PRICELIST,13410M,PRODUCT DESCRIPTION 1066,98,80,EA,30216,311217,1,21.603,,FACC,,AWAIT CATEGORY,M,FJAC
PRICELIST,13411L,PRODUCT DESCRIPTION 1067,98,80,EA,30216,311217,1,20.604,,FACC,,AWAIT CATEGORY,C,FJAC
PRICELIST,13412XL,PRODUCT DESCRIPTION 1068,85,50,EA,30216,311217,1,21.604,,TACC,,AWAIT CATEGORY,M,TACC
PRICELIST,13413XXL,PRODUCT DESCRIPTION 1069,4S,40,DZ,30216,311217,1,20.605,,FGLV,,ALLIANCE (SMU),M,FGLV
PRICELIST,13414S,PRODUCT DESCRIPTION 1070,84,55,EA,30216,311217,1,21.605,,TBAG,,AWAIT CATEGORY,M,TBAG
PRICELIST,13415M,PRODUCT DESCRIPTION 1071,84,55,EA,30216,311217,1,20.606,,TBAG,,AWAIT CATEGORY,C,TBAG
PRICELIST,13416L,PRODUCT DESCRIPTION 1072,84,55,EA,30216,311217,1,21.606,,TBAG,,T.CART BAG,M,TBAG
PRICELIST,13417XL,PRODUCT DESCRIPTION 1073,84,55,EA,30216,311217,1,20.607,,TBAG,,T.CART BAG,C,TBAG
PRICELIST,13418XXL,PRODUCT DESCRIPTION 1074,85,50,DZ,30216,311217,1,21.607,,TACC,,AWAIT CATEGORY,M,TACC
PRICELIST,13419S,PRODUCT DESCRIPTION 1075,84,55,EA,30216,311217,1,20.608,,TBAG,,AWAIT CATEGORY,M,TBAG
PRICELIST,13420M,PRODUCT DESCRIPTION 1076,84,55,EA,30216,311217,1,21.608,,TBAG,,AWAIT CATEGORY,C,TBAG
PRICELIST,13421L,PRODUCT DESCRIPTION 1077,85,50,DZ,30216,311217,1,20.609,,TACC,,AWAIT CATEGORY,C,TACC
PRICELIST,13422XL,PRODUCT DESCRIPTION 1078,85,50,DZ,30216,311217,1,21.609,,TACC,,AWAIT CATEGORY,M,TACC
PRICELIST,13423XXL,PRODUCT DESCRIPTION 1079,85,50,DZ,30216,311217,1,20.610,,TACC,,AWAIT CATEGORY,M,TACC
PRICELIST,13424S,PRODUCT DESCRIPTION 1080,85,50,EA,30216,311217,1,21.610,,TACC,,AWAIT CATEGORY,M,TACC
PRICELIST,13425M,PRODUCT DESCRIPTION 1081,84,55,EA,30216,311217,1,20.611,,TBAG,,AWAIT CATEGORY,M,TBAG
PRICELIST,13426L,PRODUCT DESCRIPTION 1082,85,50,EA,30216,311217,1,21.611,,TBAG,,AWAIT CATEGORY,C,TACC
PRICELIST,13427XL,PRODUCT DESCRIPTION 1083,C8,97,EA,30216,311217,1,20.612,,,N,AWAIT CATEGORY,M,CACC
PRICELIST,13428XXL,PRODUCT DESCRIPTION 1084,C8,97,EA,30216,311217,1,21.612,,,N,AWAIT CATEGORY,M,NADS
PRICELIST,13429S,PRODUCT DESCRIPTION 1085,C8,97,DZ,30216,311217,1,20.613,,,N,AWAIT CATEGORY,M,NADS
PRICELIST,13430M,PRODUCT DESCRIPTION 1086,C8,97,EA,30216,311217,1,21.613,,,N,AWAIT CATEGORY,M,NADS
PRICELIST,13431L,PRODUCT DESCRIPTION 1087,C8,97,EA,30216,311217,1,20.614,,,N,AWAIT CATEGORY,M,NADS
PRICELIST,13432XL,PRODUCT DESCRIPTION 1088,C8,97,EA,30216,311217,1,21.614,,,N,AWAIT CATEGORY,M,CACC
PRICELIST,13433XXL,PRODUCT DESCRIPTION 1089,C8,97,EA,30216,311217,1,20.615,,,N,AWAIT CATEGORY,M,CACC
PRICELIST,13434S,PRODUCT DESCRIPTION 1090,C8,97,EA,30216,311217,1,21.615,,,N,AWAIT CATEGORY,M,NADS
PRICELIST,13435M,PRODUCT DESCRIPTION 1091,C8,97,EA,30216,311217,1,20.616,,,N,AWAIT CATEGORY,M,CACC
PRICELIST,13436L,PRODUCT DESCRIPTION 1092,C8,97,EA,30216,311217,1,21.616,,,N,AWAIT CATEGORY,M,NADS
PRICELIST,13437XL,PRODUCT DESCRIPTION 1093,C8,97,EA,30216,311217,1,20.617,,,N,AWAIT CATEGORY,M,NODS
PRICELIST,13438XXL,PRODUCT DESCRIPTION 1094,C8,97,EA,30216,311217,1,21.617,,,N,AWAIT CATEGORY,M,NADS
PRICELIST,13439S,PRODUCT DESCRIPTION 1095,C8,97,EA,30216,311217,1,20.618,,,N,AWAIT CATEGORY,M,NADS
PRICELIST,13440M,PRODUCT DESCRIPTION 1096,C8,97,EA,30216,311217,1,21.618,,,N,AWAIT CATEGORY,M,NADS
PRICELIST,13441L,PRODUCT DESCRIPTION 1097,C8,97,EA,30216,311217,1,20.619,,,N,AWAIT CATEGORY,M,NADS
PRICELIST,13442XL,PRODUCT DESCRIPTION 1098,C6,97,PR,30216,311217,1,21.619,,,,AWAIT CATEGORY,M,CACC
PRICELIST,13443XXL,PRODUCT DESCRIPTION 1099,C0,25,ST,30216,311217,1,20.620,,,,AWAIT CATEGORY,M,CIRN
PRICELIST,13444S,PRODUCT DESCRIPTION 1100,C8,97,EA,30216,311217,1,21.620,,,N,AWAIT CATEGORY,M,CACC
PRICELIST,13445M,PRODUCT DESCRIPTION 1101,C8,97,EA,30216,311217,1,20.621,,,N,AWAIT CATEGORY,M,CACC
PRICELIST,13446L,PRODUCT DESCRIPTION 1102,C8,97,EA,30216,311217,1,21.621,,,N,AWAIT CATEGORY,M,CACC
PRICELIST,13447XL,PRODUCT DESCRIPTION 1103,C8,97,EA,30216,311217,1,20.622,,,N,AWAIT CATEGORY,M,CACC
PRICELIST,13448XXL,PRODUCT DESCRIPTION 1104,C8,97,EA,30216,311217,1,21.622,,,N,AWAIT CATEGORY,M,CACC
PRICELIST,13449S,PRODUCT DESCRIPTION 1105,C8,97,EA,30216,311217,1,20.623,,,N,AWAIT CATEGORY,M,CACC
PRICELIST,13450M,PRODUCT DESCRIPTION 1106,87,99,EA,30216,311217,1,21.623,,TACC,N,AWAIT CATEGORY,M,NADS
PRICELIST,13451L,PRODUCT DESCRIPTION 1107,2U,20,EA,30216,311217,1,20.624,,,,SC MYGIRL/HOLID,M,TPUT
PRICELIST,13452XL,PRODUCT DESCRIPTION 1108,C8,97,EA,30216,311217,1,21.624,,,N,AWAIT CATEGORY,M,CACC
PRICELIST,13453XXL,PRODUCT DESCRIPTION 1109,C8,97,EA,30216,311217,1,20.625,,,N,AWAIT CATEGORY,M,CACC
PRICELIST,13454S,PRODUCT DESCRIPTION 1110,99,99,EA,30216,311217,1,21.625,,FACC,N,AWAIT CATEGORY,M,NFDS
PRICELIST,13455M,PRODUCT DESCRIPTION 1111,99,99,EA,30216,311217,1,20.626,,FACC,N,AWAIT CATEGORY,M,NADS
PRICELIST,13456L,PRODUCT DESCRIPTION 1112,87,99,EA,30216,311217,1,21.626,,TACC,N,AWAIT CATEGORY,M,NADS
PRICELIST,13457XL,PRODUCT DESCRIPTION 1113,87,99,EA,30216,311217,1,20.627,,TACC,N,AWAIT CATEGORY,M,NADS
PRICELIST,13458S,PRODUCT DESCRIPTION 1114,87,99,EA,30216,311217,1,21.627,,TACC,N,AWAIT CATEGORY,M,NADS
PRICELIST,13459M,PRODUCT DESCRIPTION 1115,C8,97,EA,30216,311217,1,20.628,,,N,AWAIT CATEGORY,M,CACC
PRICELIST,13460L,PRODUCT DESCRIPTION 1116,85,50,EA,30216,311217,1,21.628,,TACC,,AWAIT CATEGORY,M,TACC
PRICELIST,13461XL,PRODUCT DESCRIPTION 1117,85,50,DZ,30216,311217,1,20.629,,TACC,,AWAIT CATEGORY,M,TACC
PRICELIST,13462XXL,PRODUCT DESCRIPTION 1118,C8,97,EA,30216,311217,1,21.629,,,N,AWAIT CATEGORY,M,CACC
PRICELIST,13463S,PRODUCT DESCRIPTION 1119,4F,40,SIX,30216,311217,1,20.630,,FGLV,,AWAIT CATEGORY,,FGLV
PRICELIST,13464M,PRODUCT DESCRIPTION 1120,4E,40,EA,30216,311217,1,21.630,,FGLV,,WEATHERSOF GTX,M,FGLV
PRICELIST,13465L,PRODUCT DESCRIPTION 1121,4D,40,EA,30216,311217,1,20.631,,FGLV,,SOFJOY (SMU),C,FGLV
PRICELIST,13466XL,PRODUCT DESCRIPTION 1122,4B,40,EA,30216,311217,1,21.631,,FGLV,,STASOF,C,FGLV
PRICELIST,13467XXL,PRODUCT DESCRIPTION 1123,4B,40,EA,30216,311217,1,20.632,,FGLV,,STASOF,C,FGLV
PRICELIST,13468S,PRODUCT DESCRIPTION 1124,2K,20,EA,30216,311217,1,21.632,,,,AWAIT CATEGORY,C,NADS
PRICELIST,13469M,PRODUCT DESCRIPTION 1125,2K,20,EA,30216,311217,1,20.633,,,,BAND G3,C,NODS
PRICELIST,13470L,PRODUCT DESCRIPTION 1126,4F,40,PR,30216,311217,1,21.633,,FGLV,,WEATHERSOF PAIR,M,FGLV
PRICELIST,13471XL,PRODUCT DESCRIPTION 1127,4E,40,EA,30216,311217,1,20.634,,FGLV,,WEATHERSOF GTX,M,FGLV
PRICELIST,13472XXL,PRODUCT DESCRIPTION 1128,4E,40,SIX,30216,311217,1,21.634,,FGLV,,AWAIT CATEGORY,M,FGLV
PRICELIST,13473S,PRODUCT DESCRIPTION 1129,2K,20,EA,30216,311217,1,20.635,,,,BAND H1,C,TPUT
PRICELIST,13474M,PRODUCT DESCRIPTION 1130,2K,20,EA,30216,311217,1,21.635,,,,BAND S3,C,NODS
PRICELIST,13475L,PRODUCT DESCRIPTION 1131,21,20,EA,30216,311217,1,20.636,,,,909 DC,M,TMET
PRICELIST,13476XL,PRODUCT DESCRIPTION 1132,20,20,EA,30216,311217,1,21.636,,,,VOKEY BN,M,TIRN
PRICELIST,13477XXL,PRODUCT DESCRIPTION 1133,12,10,DZ,30216,311217,1,20.637,,BALL,,PRACTICE + LOGO,M,NODS
PRICELIST,13478S,PRODUCT DESCRIPTION 1134,12,10,DZ,30216,311217,1,21.637,,BALL,,PRACTICE + LOGO,M,NODS
PRICELIST,13479M,PRODUCT DESCRIPTION 1135,12,10,DZ,30216,311217,1,20.638,,BALL,,PRACTICE B NXT,M,NODS
PRICELIST,13480L,PRODUCT DESCRIPTION 1136,06,40,EA,30216,311217,1,21.638,,FGLV,,AWAIT CATEGORY,C,FGLV
PRICELIST,13481XL,PRODUCT DESCRIPTION 1137,09,20,EA,30216,311217,1,20.639,,,N,AWAIT CATEGORY,C,
PRICELIST,13482XXL,PRODUCT DESCRIPTION 1138,09,20,EA,30216,311217,1,21.639,,,N,AWAIT CATEGORY,C,
PRICELIST,13483S,PRODUCT DESCRIPTION 1139,09,20,EA,30216,311217,1,20.640,,,N,AWAIT CATEGORY,C,
PRICELIST,13484M,PRODUCT DESCRIPTION 1140,06,40,EA,30216,311217,1,21.640,,FGLV,,QM WSOF GTX,M,FGLV
PRICELIST,13485L,PRODUCT DESCRIPTION 1141,06,40,EA,30216,311217,1,20.641,,FGLV,,QM WEATHERSOF,M,FGLV
PRICELIST,13486XL,PRODUCT DESCRIPTION 1142,06,40,EA,30216,311217,1,21.641,,FGLV,,QM STA SOF,M,FGLV
PRICELIST,13487XXL,PRODUCT DESCRIPTION 1143,06,40,EA,30216,311217,1,20.642,,FGLV,,QM STA SOF,M,FGLV
PRICELIST,13488S,PRODUCT DESCRIPTION 1144,2Q,20,EA,30216,311217,1,21.642,,,,AWAIT CATEGORY,M,TPUT
PRICELIST,13489M,PRODUCT DESCRIPTION 1145,2Q,20,EA,30216,311217,1,20.643,,,,SC STU SEL C H,M,TPUT
PRICELIST,13490L,PRODUCT DESCRIPTION 1146,2Q,20,EA,30216,311217,1,21.643,,,,AWAIT CATEGORY,M,TPUT
PRICELIST,13491XL,PRODUCT DESCRIPTION 1147,85,20,EA,30216,311217,1,20.644,,,N,AWAIT CATEGORY,C,TACC
PRICELIST,13492XXL,PRODUCT DESCRIPTION 1148,85,20,EA,30216,311217,1,21.644,,,N,AWAIT CATEGORY,C,NODS
PRICELIST,13493S,PRODUCT DESCRIPTION 1149,85,20,EA,30216,311217,1,20.645,,,N,AWAIT CATEGORY,C,NODS
PRICELIST,13494M,PRODUCT DESCRIPTION 1150,85,20,EA,30216,311217,1,21.645,,,N,AWAIT CATEGORY,C,TACC
PRICELIST,13495L,PRODUCT DESCRIPTION 1151,85,20,EA,30216,311217,1,20.646,,,N,AWAIT CATEGORY,C,TACC
PRICELIST,13496XL,PRODUCT DESCRIPTION 1152,85,20,EA,30216,311217,1,21.646,,,N,AWAIT CATEGORY,M,TACC
PRICELIST,13497XXL,PRODUCT DESCRIPTION 1153,07,50,SET,30216,311217,5000,20.647,,TACC,,AWAIT CATEGORY,C,NODS
PRICELIST,13498S,PRODUCT DESCRIPTION 1154,07,50,SET,30216,311217,2000,21.647,,TACC,,AWAIT CATEGORY,C,NODS
PRICELIST,13499M,PRODUCT DESCRIPTION 1155,07,50,SET,30216,311217,1000,20.648,,TACC,,AWAIT CATEGORY,C,NODS
PRICELIST,13500L,PRODUCT DESCRIPTION 1156,2K,20,EA,30216,311217,1,21.648,,,,BAND S1,C,NODS
PRICELIST,13501XL,PRODUCT DESCRIPTION 1157,98,80,PK,30216,311217,1,20.649,,FACC,,AWAIT CATEGORY,M,FJAC
PRICELIST,13502XXL,PRODUCT DESCRIPTION 1158,85,50,EA,30216,311217,1,21.649,,TACC,,AWAIT CATEGORY,C,TACC
PRICELIST,13503S,PRODUCT DESCRIPTION 1159,85,50,EA,30216,311217,1,20.650,,TACC,,AWAIT CATEGORY,M,TACC
PRICELIST,13504M,PRODUCT DESCRIPTION 1160,85,50,EA,30216,311217,1,21.650,,TACC,,AWAIT CATEGORY,M,TACC
PRICELIST,13505L,PRODUCT DESCRIPTION 1161,85,50,EA,30216,311217,1,20.651,,TACC,,AWAIT CATEGORY,C,TACC
PRICELIST,13506XL,PRODUCT DESCRIPTION 1162,82,55,EA,30216,311217,1,21.651,,TBAG,,AWAIT CATEGORY,C,TACC
PRICELIST,13507XXL,PRODUCT DESCRIPTION 1163,85,50,EA,30216,311217,1,20.652,,TACC,,AWAIT CATEGORY,M,TACC
PRICELIST,13508S,PRODUCT DESCRIPTION 1164,85,50,EA,30216,311217,1,21.652,,TACC,,B.MARKER ADJ EA,M,TACC
PRICELIST,13509M,PRODUCT DESCRIPTION 1165,85,50,EA,30216,311217,1,20.653,,TACC,,TOUR ADJUST EA,M,TACC
PRICELIST,13510L,PRODUCT DESCRIPTION 1166,85,50,EA,30216,311217,1,21.653,,TACC,,AWAIT CATEGORY,M,TACC
PRICELIST,13511XL,PRODUCT DESCRIPTION 1167,2K,20,EA,30216,311217,1,20.654,,,,BAND S2,C,NODS
PRICELIST,13512XXL,PRODUCT DESCRIPTION 1168,98,80,EA,30216,311217,1,21.654,,FACC,,MYJOYS SHOE BAG,M,FJAC
PRICELIST,13513S,PRODUCT DESCRIPTION 1169,10,10,SIX,30216,311217,1,20.655,,BALL,,AWAIT CATEGORY,M,GB1
PRICELIST,13514M,PRODUCT DESCRIPTION 1170,85,50,EA,30216,311217,1,21.655,,TACC,,AWAIT CATEGORY,C,TACC
PRICELIST,13515L,PRODUCT DESCRIPTION 1171,88,70,SIX,30216,311217,1,20.656,,SOCK,,AWAIT CATEGORY,C,SCK1
PRICELIST,13516XL,PRODUCT DESCRIPTION 1172,88,70,SIX,30216,311217,1,21.656,,SOCK,,AWAIT CATEGORY,C,SCK1
PRICELIST,13517XXL,PRODUCT DESCRIPTION 1173,88,70,SIX,30216,311217,1,20.657,,SOCK,,AWAIT CATEGORY,C,SCK1
PRICELIST,13518S,PRODUCT DESCRIPTION 1174,2K,20,EA,30216,311217,1,21.657,,,,BAND S4,C,NODS
PRICELIST,13519M,PRODUCT DESCRIPTION 1175,10,10,DZ,30216,311217,1,20.658,,BALL,,AWAIT CATEGORY,M,GB1
PRICELIST,13520L,PRODUCT DESCRIPTION 1176,10,10,DZ,30216,311217,1,21.658,,BALL,,PRO V1,M,GB1
PRICELIST,13521XL,PRODUCT DESCRIPTION 1177,10,10,DZ,30216,311217,1,20.659,,BALL,,PRO V1,M,GB1
PRICELIST,13522XXL,PRODUCT DESCRIPTION 1178,95,70,SIX,30216,311217,1,21.659,,SOCK,,AWAIT CATEGORY,M,SCK1
PRICELIST,13523S,PRODUCT DESCRIPTION 1179,95,70,SIX,30216,311217,1,20.660,,SOCK,,AWAIT CATEGORY,M,SCK1
PRICELIST,13524M,PRODUCT DESCRIPTION 1180,84,55,EA,30216,311217,1,21.660,,TBAG,,AWAIT CATEGORY,M,TBAG
PRICELIST,13525L,PRODUCT DESCRIPTION 1181,85,50,EA,30216,311217,1,20.661,,TACC,,AWAIT CATEGORY,M,TACC
PRICELIST,13526XL,PRODUCT DESCRIPTION 1182,2K,20,EA,30216,311217,1,21.661,,,,BAND S5,C,NODS
PRICELIST,13527XXL,PRODUCT DESCRIPTION 1183,95,70,SIX,30216,311217,1,20.662,,SOCK,,TECHSOF CREW 6,M,SCK1
PRICELIST,13528S,PRODUCT DESCRIPTION 1184,85,50,EA,30216,311217,1,21.662,,TACC,,AWAIT CATEGORY,M,TACC
PRICELIST,13529M,PRODUCT DESCRIPTION 1185,82,55,EA,30216,311217,1,20.663,,TBAG,,AWAIT CATEGORY,C,TACC
PRICELIST,13530L,PRODUCT DESCRIPTION 1186,8A,67,PR,30216,311217,1,21.663,,RAIN,,AWAIT CATEGORY,M,FJOW
PRICELIST,13531XL,PRODUCT DESCRIPTION 1187,8A,67,PR,30216,311217,1,20.664,,RAIN,,DJ PERF L/R TRS,M,FJOW
PRICELIST,13532XXL,PRODUCT DESCRIPTION 1188,85,50,EA,30216,311217,1,21.664,,TACC,,AWAIT CATEGORY,M,TACC
PRICELIST,13533S,PRODUCT DESCRIPTION 1189,85,50,EA,30216,311217,1,20.665,,TACC,,AWAIT CATEGORY,M,TACC
PRICELIST,13534M,PRODUCT DESCRIPTION 1190,2K,20,EA,30216,311217,1,21.665,,,,BAND S6,C,NODS
PRICELIST,13535L,PRODUCT DESCRIPTION 1191,85,50,SIX,30216,311217,1,20.666,,TACC,,AWAIT CATEGORY,M,TACC
PRICELIST,13536XL,PRODUCT DESCRIPTION 1192,85,50,SIX,30216,311217,1,21.666,,TACC,,AWAIT CATEGORY,M,TACC
PRICELIST,13537XXL,PRODUCT DESCRIPTION 1193,85,50,EA,30216,311217,1,20.667,,TACC,,AWAIT CATEGORY,M,TACC
PRICELIST,13538S,PRODUCT DESCRIPTION 1194,85,50,SIX,30216,311217,1,21.667,,TACC,,AWAIT CATEGORY,M,TACC
PRICELIST,13539M,PRODUCT DESCRIPTION 1195,85,50,SIX,30216,311217,1,20.668,,TACC,,AWAIT CATEGORY,M,TACC
PRICELIST,13540L,PRODUCT DESCRIPTION 1196,85,50,SIX,30216,311217,1,21.668,,TACC,,AWAIT CATEGORY,M,TACC
PRICELIST,13541XL,PRODUCT DESCRIPTION 1197,85,50,SIX,30216,311217,1,20.669,,TACC,,AWAIT CATEGORY,M,TACC
PRICELIST,13542XXL,PRODUCT DESCRIPTION 1198,85,50,EA,30216,311217,1,21.669,,TACC,,AWAIT CATEGORY,M,TACC
PRICELIST,13543S,PRODUCT DESCRIPTION 1199,84,55,EA,30216,311217,1,20.670,,TBAG,,AWAIT CATEGORY,M,TBAG
PRICELIST,13544M,PRODUCT DESCRIPTION 1200,84,55,EA,30216,311217,1,21.670,,TBAG,,AWAIT CATEGORY,M,TBAG
PRICELIST,13545L,PRODUCT DESCRIPTION 1201,84,55,EA,30216,311217,1,20.671,,TBAG,,AWAIT CATEGORY,C,TBAG
PRICELIST,13546XL,PRODUCT DESCRIPTION 1202,84,55,EA,30216,311217,1,21.671,,TBAG,,AWAIT CATEGORY,M,TBAG
PRICELIST,13547XXL,PRODUCT DESCRIPTION 1203,85,50,EA,30216,311217,1,20.672,,TACC,,AWAIT CATEGORY,M,TACC
PRICELIST,13548S,PRODUCT DESCRIPTION 1204,84,55,EA,30216,311217,1,21.672,,TBAG,,AWAIT CATEGORY,M,TBAG
PRICELIST,13549M,PRODUCT DESCRIPTION 1205,16,10,PK,30216,311217,1,20.673,,BALL,,AWAIT CATEGORY,M,GB1
PRICELIST,13550L,PRODUCT DESCRIPTION 1206,85,50,PK,30216,311217,1,21.673,,TACC,,AWAIT CATEGORY,M,TACC
PRICELIST,13551XL,PRODUCT DESCRIPTION 1207,95,70,PR,30216,311217,1,20.674,,SOCK,,AWAIT CATEGORY,M,SCK1
PRICELIST,13552XXL,PRODUCT DESCRIPTION 1208,95,70,PR,30216,311217,1,21.674,,SOCK,,AWAIT CATEGORY,M,SCK1
PRICELIST,13553S,PRODUCT DESCRIPTION 1209,95,70,PR,30216,311217,1,20.675,,SOCK,,AWAIT CATEGORY,M,SCK1
PRICELIST,13554M,PRODUCT DESCRIPTION 1210,95,70,PR,30216,311217,1,21.675,,SOCK,,AWAIT CATEGORY,M,SCK1
PRICELIST,13555L,PRODUCT DESCRIPTION 1211,89,60,PR,30216,311217,1,20.676,,SHOE,,AWAIT CATEGORY,M,NSDS
PRICELIST,13556XL,PRODUCT DESCRIPTION 1212,C8,97,EA,30216,311217,1,21.676,,,N,AWAIT CATEGORY,M,CACC
PRICELIST,13557XXL,PRODUCT DESCRIPTION 1213,C8,97,EA,30216,311217,1,20.677,,,N,AWAIT CATEGORY,M,CACC
PRICELIST,13558S,PRODUCT DESCRIPTION 1214,C8,97,EA,30216,311217,1,21.677,,,N,AWAIT CATEGORY,M,CACC
PRICELIST,13559M,PRODUCT DESCRIPTION 1215,C8,97,EA,30216,311217,1,20.678,,,N,AWAIT CATEGORY,M,CACC
PRICELIST,13560L,PRODUCT DESCRIPTION 1216,C8,97,EA,30216,311217,1,21.678,,,N,AWAIT CATEGORY,M,NODS
PRICELIST,13561XL,PRODUCT DESCRIPTION 1217,C8,97,EA,30216,311217,1,20.679,,,N,AWAIT CATEGORY,M,NODS
PRICELIST,13562XXL,PRODUCT DESCRIPTION 1218,C7,96,EA,30216,311217,1,21.679,,,,AWAIT CATEGORY,M,CBAG
PRICELIST,13563S,PRODUCT DESCRIPTION 1219,9R,60,PR,30216,311217,1,20.680,,SHOE,,AWAIT CATEGORY,M,FJ1
PRICELIST,13564M,PRODUCT DESCRIPTION 1220,9R,60,PR,30216,311217,1,21.680,,SHOE,,LOPRO,M,FJ1
PRICELIST,13565L,PRODUCT DESCRIPTION 1221,9P,60,PR,30216,311217,1,20.681,,SHOE,,JUNIOR,M,FJ1
PRICELIST,13566XL,PRODUCT DESCRIPTION 1222,9P,60,PR,30216,311217,1,21.681,,SHOE,,GREENJOYS,M,FJ1
PRICELIST,13567XXL,PRODUCT DESCRIPTION 1223,9O,60,PR,30216,311217,1,20.682,,SHOE,,SOFTJOY,M,FJ1
PRICELIST,13568S,PRODUCT DESCRIPTION 1224,9G,60,PR,30216,311217,1,21.682,,SHOE,,AWAIT CATEGORY,M,FJ1
PRICELIST,13569M,PRODUCT DESCRIPTION 1225,9F,60,PR,30216,311217,1,20.683,,SHOE,,SYNR-G,M,FJ1
PRICELIST,13570L,PRODUCT DESCRIPTION 1226,9E,60,PR,30216,311217,1,21.683,,SHOE,,AWAIT CATEGORY,M,FJ1
PRICELIST,13571XL,PRODUCT DESCRIPTION 1227,99,99,EA,30216,311217,1,20.684,,FACC,N,AWAIT CATEGORY,M,NFDS
PRICELIST,13572XXL,PRODUCT DESCRIPTION 1228,99,99,EA,30216,311217,1,21.684,,FACC,N,AWAIT CATEGORY,M,NFDS
PRICELIST,13573S,PRODUCT DESCRIPTION 1229,99,99,EA,30216,311217,1,20.685,,FACC,N,AWAIT CATEGORY,M,NFDS
PRICELIST,13574M,PRODUCT DESCRIPTION 1230,99,99,EA,30216,311217,1,21.685,,FACC,N,AWAIT CATEGORY,M,NFDS
PRICELIST,13575L,PRODUCT DESCRIPTION 1231,99,99,EA,30216,311217,1,20.686,,FACC,N,AWAIT CATEGORY,M,NFDS
PRICELIST,13576XL,PRODUCT DESCRIPTION 1232,99,99,EA,30216,311217,1,21.686,,FACC,N,AWAIT CATEGORY,M,NFDS
PRICELIST,13577XXL,PRODUCT DESCRIPTION 1233,98,80,PK,30216,311217,1,20.687,,FACC,,AWAIT CATEGORY,M,FJAC
PRICELIST,13578S,PRODUCT DESCRIPTION 1234,98,80,DZ,30216,311217,1,21.687,,FACC,,AWAIT CATEGORY,M,FJAC
PRICELIST,13579M,PRODUCT DESCRIPTION 1235,98,80,EA,30216,311217,1,20.688,,FACC,,AWAIT CATEGORY,C,FJAC
PRICELIST,13580L,PRODUCT DESCRIPTION 1236,97,70,PK,30216,311217,1,21.688,,SOCK,,AWAIT CATEGORY,C,SCK1
PRICELIST,13581XL,PRODUCT DESCRIPTION 1237,97,70,DZ,30216,311217,1,20.689,,SOCK,,AWAIT CATEGORY,C,SCK1
PRICELIST,13582XXL,PRODUCT DESCRIPTION 1238,97,70,PK,30216,311217,1,21.689,,SOCK,,AWAIT CATEGORY,M,SCK1
PRICELIST,13583S,PRODUCT DESCRIPTION 1239,95,70,SIX,30216,311217,1,20.690,,SOCK,,AWAIT CATEGORY,M,SCK1
PRICELIST,13584M,PRODUCT DESCRIPTION 1240,8J,67,EA,30216,311217,1,21.690,,RAIN,,FJ SRT W/SHIRT,M,FJOW
PRICELIST,13585L,PRODUCT DESCRIPTION 1241,8J,67,EA,30216,311217,1,20.691,,RAIN,,FJ SRT W/SH S/S,M,FJOW
PRICELIST,13586XL,PRODUCT DESCRIPTION 1242,8J,67,EA,30216,311217,1,21.691,,RAIN,,AWAIT CATEGORY,M,FJOW
PRICELIST,13587XXL,PRODUCT DESCRIPTION 1243,8I,67,EA,30216,311217,1,20.692,,RAIN,,DJ SRT R/SHIRT,M,FJOW
PRICELIST,13588S,PRODUCT DESCRIPTION 1244,8I,67,EA,30216,311217,1,21.692,,RAIN,,DJ SRT R/SH S/S,M,FJOW
PRICELIST,13589M,PRODUCT DESCRIPTION 1245,8I,67,EA,30216,311217,1,20.693,,RAIN,,AWAIT CATEGORY,M,FJOW
PRICELIST,13590L,PRODUCT DESCRIPTION 1246,8H,67,EA,30216,311217,1,21.693,,RAIN,,DJ SPORT JKT,M,FJOW
PRICELIST,13591XL,PRODUCT DESCRIPTION 1247,8G,67,PR,30216,311217,1,20.694,,RAIN,,DJ SRT R/TROUS,M,FJOW
PRICELIST,13592XXL,PRODUCT DESCRIPTION 1248,8B,67,EA,30216,311217,1,21.694,,RAIN,,DJ PERF L/JKT,M,FJOW
PRICELIST,13593S,PRODUCT DESCRIPTION 1249,8B,67,EA,30216,311217,1,20.695,,RAIN,,DJ PERF L/R SRT,M,FJOW
PRICELIST,13594M,PRODUCT DESCRIPTION 1250,8B,67,EA,30216,311217,1,21.695,,RAIN,,DJ PERF L/R SRT,M,FJOW
PRICELIST,13595L,PRODUCT DESCRIPTION 1251,89,60,PR,30216,311217,1,20.696,,SHOE,,MYJOYS DRYJOYS,M,NSDS
PRICELIST,13596XL,PRODUCT DESCRIPTION 1252,89,60,PR,30216,311217,1,21.696,,SHOE,,AWAIT CATEGORY,M,NSDS
PRICELIST,13597XXL,PRODUCT DESCRIPTION 1253,87,99,EA,30216,311217,1,20.697,,TACC,N,AWAIT CATEGORY,M,NADS
PRICELIST,13598S,PRODUCT DESCRIPTION 1254,87,99,EA,30216,311217,1,21.697,,TACC,N,AWAIT CATEGORY,C,NADS
PRICELIST,13599M,PRODUCT DESCRIPTION 1255,87,99,EA,30216,311217,1,20.698,,TACC,N,AWAIT CATEGORY,M,NADS
PRICELIST,13600L,PRODUCT DESCRIPTION 1256,87,99,EA,30216,311217,1,21.698,,TACC,N,AWAIT CATEGORY,M,NADS
PRICELIST,13601XL,PRODUCT DESCRIPTION 1257,87,99,DZ,30216,311217,1,20.699,,TACC,N,AWAIT CATEGORY,M,NADS
PRICELIST,13602XXL,PRODUCT DESCRIPTION 1258,87,99,EA,30216,311217,1,21.699,,TACC,N,AWAIT CATEGORY,M,NADS
PRICELIST,13603S,PRODUCT DESCRIPTION 1259,87,99,EA,30216,311217,1,20.700,,TACC,N,AWAIT CATEGORY,M,NADS
PRICELIST,13604M,PRODUCT DESCRIPTION 1260,87,99,EA,30216,311217,1,21.700,,TACC,N,AWAIT CATEGORY,C,NADS
PRICELIST,13605L,PRODUCT DESCRIPTION 1261,87,99,EA,30216,311217,1,20.701,,TACC,N,AWAIT CATEGORY,M,NADS
PRICELIST,13606XL,PRODUCT DESCRIPTION 1262,87,99,EA,30216,311217,1,21.701,,TACC,N,AWAIT CATEGORY,M,NADS
PRICELIST,13607XXL,PRODUCT DESCRIPTION 1263,87,99,EA,30216,311217,1,20.702,,TACC,N,AWAIT CATEGORY,M,NADS
PRICELIST,13608S,PRODUCT DESCRIPTION 1264,87,99,EA,30216,311217,1,21.702,,TACC,N,AWAIT CATEGORY,M,NADS
PRICELIST,13609M,PRODUCT DESCRIPTION 1265,4J,40,PR,30216,311217,1,20.703,,FGLV,,WINTERSOF,M,FGLV
PRICELIST,13610L,PRODUCT DESCRIPTION 1266,4H,40,EA,30216,311217,1,21.703,,FGLV,,FOOTJOY JUNIOR,M,FGLV
PRICELIST,13611XL,PRODUCT DESCRIPTION 1267,4G,40,PK,30216,311217,1,20.704,,FGLV,,AWAIT CATEGORY,C,FGLV
PRICELIST,13612XXL,PRODUCT DESCRIPTION 1268,4F,40,EA,30216,311217,1,21.704,,FGLV,,AWAIT CATEGORY,M,FGLV
PRICELIST,13613S,PRODUCT DESCRIPTION 1269,87,99,EA,30216,311217,1,20.705,,TACC,N,AWAIT CATEGORY,M,NADS
PRICELIST,13614M,PRODUCT DESCRIPTION 1270,87,99,EA,30216,311217,1,21.705,,TACC,N,AWAIT CATEGORY,M,NADS
PRICELIST,13615L,PRODUCT DESCRIPTION 1271,87,99,EA,30216,311217,1,20.706,,TACC,N,AWAIT CATEGORY,M,NADS
PRICELIST,13616XL,PRODUCT DESCRIPTION 1272,86,50,EA,30216,311217,1,21.706,,TACC,N,AWAIT CATEGORY,M,TBAG
PRICELIST,13617XXL,PRODUCT DESCRIPTION 1273,85,50,EA,30216,311217,1,20.707,,TACC,N,AWAIT CATEGORY,C,TACC
PRICELIST,13618S,PRODUCT DESCRIPTION 1274,85,50,EA,30216,311217,1,21.707,,TACC,N,AWAIT CATEGORY,C,TACC
PRICELIST,13619M,PRODUCT DESCRIPTION 1275,2K,20,EA,30216,311217,1,20.708,,,,AWAIT CATEGORY,C,NODS
PRICELIST,13620L,PRODUCT DESCRIPTION 1276,2B,20,EA,30216,311217,1,21.708,,,,AP1 710 STL,C,TIRN
PRICELIST,13621XL,PRODUCT DESCRIPTION 1277,2B,20,EA,30216,311217,1,20.709,,,,AP2 710 FORG ST,C,TIRN
PRICELIST,13622XXL,PRODUCT DESCRIPTION 1278,18,20,ST,30216,311217,1,21.709,,,,AP1 710 GRA,M,TIRN
PRICELIST,13623S,PRODUCT DESCRIPTION 1279,18,20,ST,30216,311217,1,20.710,,,,AP2 710 FORG ST,C,TIRN
PRICELIST,13624M,PRODUCT DESCRIPTION 1280,18,20,ST,30216,311217,1,21.710,,,,AP2 710 FORG ST,C,TIRN
PRICELIST,13625L,PRODUCT DESCRIPTION 1281,18,20,ST,30216,311217,1,20.711,,,,MB 710 FORG STL,M,TIRN
PRICELIST,13626XL,PRODUCT DESCRIPTION 1282,12,10,DZ,30216,311217,1,21.711,,BALL,,PRACTICE BALLS,M,NODS
PRICELIST,13627XXL,PRODUCT DESCRIPTION 1283,11,10,DZ,30216,311217,1,20.712,,LOGO,,AWAIT CATEGORY,M,PING
PRICELIST,13628S,PRODUCT DESCRIPTION 1284,11,10,DZ,30216,311217,24,21.712,,LOGO,,AWAIT CATEGORY,M,PING
PRICELIST,13629M,PRODUCT DESCRIPTION 1285,11,10,DZ,30216,311217,48,20.713,,LOGO,,AWAIT CATEGORY,M,PING
PRICELIST,13630L,PRODUCT DESCRIPTION 1286,11,10,DZ,30216,311217,96,21.713,,LOGO,,AWAIT CATEGORY,M,PING
PRICELIST,13631XL,PRODUCT DESCRIPTION 1287,11,10,DZ,30216,311217,144,20.714,,LOGO,,AWAIT CATEGORY,M,PING
PRICELIST,13632S,PRODUCT DESCRIPTION 1288,10,10,DZ,30216,311217,1,21.714,,BALL,,AWAIT CATEGORY,M,PINN
PRICELIST,13633M,PRODUCT DESCRIPTION 1289,10,10,DZ,30216,311217,1,20.715,,BALL,,AWAIT CATEGORY,M,PINN
PRICELIST,13634L,PRODUCT DESCRIPTION 1290,2U,20,EA,30216,311217,1,21.715,,,,SC MYGIRL/HOLID,M,TPUT
PRICELIST,13635XL,PRODUCT DESCRIPTION 1291,2U,20,EA,30216,311217,1,20.716,,,,SC MYGIRL/HOLID,C,TPUT
PRICELIST,13636XXL,PRODUCT DESCRIPTION 1292,2Z,20,EA,30216,311217,1,21.716,,,,SC CALIFORNIA,C,TPUT
PRICELIST,13637S,PRODUCT DESCRIPTION 1293,2U,20,EA,30216,311217,1,20.717,,,,AWAIT CATEGORY,M,TPUT
PRICELIST,13638M,PRODUCT DESCRIPTION 1294,2Z,20,EA,30216,311217,1,21.717,,,,SC CALIFORNIA,C,TPUT
PRICELIST,13639L,PRODUCT DESCRIPTION 1295,2Z,20,EA,30216,311217,1,20.718,,,,SC CALIFORNIA,M,TPUT
PRICELIST,13640XL,PRODUCT DESCRIPTION 1296,2Q,20,EA,30216,311217,1,21.718,,,,AWAIT CATEGORY,M,TPUT
PRICELIST,13641XXL,PRODUCT DESCRIPTION 1297,2Q,20,EA,30216,311217,1,20.719,,,,SC STUD SEL COM,M,TPUT
PRICELIST,13642S,PRODUCT DESCRIPTION 1298,29,20,PK,30216,311217,1,21.719,,,,AWAIT CATEGORY,M,TIRN
PRICELIST,13643M,PRODUCT DESCRIPTION 1299,20,20,EA,30216,311217,1,20.720,,,,MB 710 FORG STL,C,TIRN
PRICELIST,13644L,PRODUCT DESCRIPTION 1300,10,10,PK,30216,311217,1,21.720,,BALL,N,AWAIT CATEGORY,M,GB1
PRICELIST,13645XL,PRODUCT DESCRIPTION 1301,10,10,PK,30216,311217,1,20.721,,BALL,,AWAIT CATEGORY,M,GB1
PRICELIST,13646XXL,PRODUCT DESCRIPTION 1302,4G,40,EA,30216,311217,1,21.721,,FGLV,,RAINGRIP EXTREM,M,FGLV
PRICELIST,13647S,PRODUCT DESCRIPTION 1303,86,50,EA,30216,311217,1,20.722,,TACC,,AWAIT CATEGORY,M,TBAG
PRICELIST,13648M,PRODUCT DESCRIPTION 1304,85,50,EA,30216,311217,1,21.722,,TACC,,TOUR ADJUST EA,M,TACC
PRICELIST,13649L,PRODUCT DESCRIPTION 1305,85,50,EA,30216,311217,1,20.723,,TACC,,AWAIT CATEGORY,M,TACC
PRICELIST,13650XL,PRODUCT DESCRIPTION 1306,10,10,DZ,30216,311217,1,21.723,,BALL,,PINN DIMENSION,M,PINN
PRICELIST,13651XXL,PRODUCT DESCRIPTION 1307,11,10,DZ,30216,311217,96,20.724,,LOGO,,DIMENSION 12/4,M,PING
PRICELIST,13652S,PRODUCT DESCRIPTION 1308,11,10,DZ,30216,311217,144,21.724,,LOGO,,DIMENSION 12/4,M,PING
PRICELIST,13653M,PRODUCT DESCRIPTION 1309,78,45,EA,30216,311217,1,20.725,,TGLV,,PLAYERS-FLEX,C,TGLV
PRICELIST,13654L,PRODUCT DESCRIPTION 1310,15,10,PK,30216,311217,1,21.725,,BALL,,P GOLD DISTANCE,M,PINN
PRICELIST,13655XL,PRODUCT DESCRIPTION 1311,4G,40,PR,30216,311217,1,20.726,,FGLV,,R/GRIP EXT PAIR,M,FGLV
PRICELIST,13656XXL,PRODUCT DESCRIPTION 1312,11,10,DZ,30216,311217,24,21.726,,LOGO,,DIMENSION 12/4,M,PING
PRICELIST,13657S,PRODUCT DESCRIPTION 1313,11,10,DZ,30216,311217,48,20.727,,LOGO,,DIMENSION 12/4,M,PING
PRICELIST,13658M,PRODUCT DESCRIPTION 1314,85,50,EA,30216,311217,1,21.727,,TACC,,B.MARKER ADJ EA,M,TACC
PRICELIST,13659L,PRODUCT DESCRIPTION 1315,85,50,EA,30216,311217,1,20.728,,TACC,,TOUR ADJUST EA,M,TACC
PRICELIST,13660XL,PRODUCT DESCRIPTION 1316,85,50,EA,30216,311217,1,21.728,,TACC,,TOUR SPORTS EA,M,TACC
PRICELIST,13661XXL,PRODUCT DESCRIPTION 1317,85,50,EA,30216,311217,1,20.729,,TACC,,B.MARKER ADJ EA,M,TACC
PRICELIST,13662S,PRODUCT DESCRIPTION 1318,86,50,EA,30216,311217,1,21.729,,TACC,,AWAIT CATEGORY,M,TBAG
PRICELIST,13663M,PRODUCT DESCRIPTION 1319,11,10,DZ,30216,311217,1,20.730,,LOGO,,DIMENSION 12/4,M,PING
PRICELIST,13664L,PRODUCT DESCRIPTION 1320,4A,40,EA,30216,311217,1,21.730,,FGLV,,PURE TOUCH,C,FGLV
PRICELIST,13665XL,PRODUCT DESCRIPTION 1321,98,80,PR,30216,311217,1,20.731,,FACC,,AWAIT CATEGORY,C,FJAC
PRICELIST,13666XXL,PRODUCT DESCRIPTION 1322,10,10,DZ,30216,311217,1,21.731,,BALL,,DT SOLO,M,GB1
PRICELIST,13667S,PRODUCT DESCRIPTION 1323,11,10,DZ,30216,311217,144,20.732,,LOGO,,DT SOLO,M,GB1
PRICELIST,13668M,PRODUCT DESCRIPTION 1324,11,10,DZ,30216,311217,96,21.732,,LOGO,,DT SOLO,M,GB1
PRICELIST,13669L,PRODUCT DESCRIPTION 1325,11,10,DZ,30216,311217,96,20.733,,LOGO,,DT SOLO,M,GB1
PRICELIST,13670XL,PRODUCT DESCRIPTION 1326,11,10,DZ,30216,311217,144,21.733,,LOGO,,DT SOLO,M,GB1
PRICELIST,13671XXL,PRODUCT DESCRIPTION 1327,11,10,DZ,30216,311217,24,20.734,,LOGO,,DT SOLO,M,GB1
PRICELIST,13672S,PRODUCT DESCRIPTION 1328,11,10,DZ,30216,311217,48,21.734,,LOGO,,DT SOLO,M,GB1
PRICELIST,13673M,PRODUCT DESCRIPTION 1329,11,10,DZ,30216,311217,24,20.735,,LOGO,,DT SOLO,M,GB1
PRICELIST,13674L,PRODUCT DESCRIPTION 1330,11,10,DZ,30216,311217,48,21.735,,LOGO,,DT SOLO,M,GB1
PRICELIST,13675XL,PRODUCT DESCRIPTION 1331,86,50,EA,30216,311217,1,20.736,,TACC,,AWAIT CATEGORY,M,TBAG
PRICELIST,13676XXL,PRODUCT DESCRIPTION 1332,11,10,DZ,30216,311217,1,21.736,,LOGO,,DT SOLO,M,GB1
PRICELIST,13677S,PRODUCT DESCRIPTION 1333,11,10,DZ,30216,311217,1,20.737,,LOGO,,DT SOLO,M,GB1
PRICELIST,13678M,PRODUCT DESCRIPTION 1334,10,10,DZ,30216,311217,1,21.737,,BALL,,NXT,M,GB1
PRICELIST,13679L,PRODUCT DESCRIPTION 1335,11,10,DZ,30216,311217,144,20.738,,LOGO,,NXT,M,GB1
PRICELIST,13680XL,PRODUCT DESCRIPTION 1336,11,10,DZ,30216,311217,96,21.738,,LOGO,,NXT,M,GB1
PRICELIST,13681XXL,PRODUCT DESCRIPTION 1337,11,10,DZ,30216,311217,24,20.739,,LOGO,,NXT,M,GB1
PRICELIST,13682S,PRODUCT DESCRIPTION 1338,11,10,DZ,30216,311217,48,21.739,,LOGO,,NXT,M,GB1
PRICELIST,13683M,PRODUCT DESCRIPTION 1339,11,10,DZ,30216,311217,1,20.740,,LOGO,,NXT,M,GB1
PRICELIST,13684L,PRODUCT DESCRIPTION 1340,10,10,DZ,30216,311217,1,21.740,,BALL,,NXT TOUR,M,GB1
PRICELIST,13685XL,PRODUCT DESCRIPTION 1341,11,10,DZ,30216,311217,144,20.741,,LOGO,,NXT TOUR,M,GB1
PRICELIST,13686XXL,PRODUCT DESCRIPTION 1342,11,10,DZ,30216,311217,96,21.741,,LOGO,,NXT TOUR,M,GB1
PRICELIST,13687S,PRODUCT DESCRIPTION 1343,11,10,DZ,30216,311217,24,20.742,,LOGO,,NXT TOUR,M,GB1
PRICELIST,13688M,PRODUCT DESCRIPTION 1344,11,10,DZ,30216,311217,48,21.742,,LOGO,,NXT TOUR,M,GB1
PRICELIST,13689L,PRODUCT DESCRIPTION 1345,11,10,DZ,30216,311217,1,20.743,,LOGO,,NXT TOUR,M,GB1
PRICELIST,13690XL,PRODUCT DESCRIPTION 1346,11,10,DZ,30216,311217,144,21.743,,LOGO,,PRO V1,M,GB1
PRICELIST,13691XXL,PRODUCT DESCRIPTION 1347,11,10,DZ,30216,311217,96,20.744,,LOGO,,PRO V1,M,GB1
PRICELIST,13692S,PRODUCT DESCRIPTION 1348,11,10,DZ,30216,311217,24,21.744,,LOGO,,PRO V1,M,GB1
PRICELIST,13693M,PRODUCT DESCRIPTION 1349,11,10,DZ,30216,311217,48,20.745,,LOGO,,PRO V1,M,GB1
PRICELIST,13694L,PRODUCT DESCRIPTION 1350,84,55,EA,30216,311217,1,21.745,,TBAG,,AWAIT CATEGORY,M,TBAG
PRICELIST,13695XL,PRODUCT DESCRIPTION 1351,84,55,EA,30216,311217,1,20.746,,TBAG,,AWAIT CATEGORY,M,TBAG
PRICELIST,13696XXL,PRODUCT DESCRIPTION 1352,4G,40,SIX,30216,311217,1,21.746,,FGLV,,R/GRIP EXT (6),M,FGLV
PRICELIST,13697S,PRODUCT DESCRIPTION 1353,11,10,DZ,30216,311217,1,20.747,,LOGO,,PRO V1,M,GB1
PRICELIST,13698M,PRODUCT DESCRIPTION 1354,9V,60,PR,30216,311217,1,21.747,,SHOE,,AWAIT CATEGORY,M,NSDS
PRICELIST,13699L,PRODUCT DESCRIPTION 1355,98,80,EA,30216,311217,1,20.748,,FACC,,AWAIT CATEGORY,C,FJAC
PRICELIST,13700XL,PRODUCT DESCRIPTION 1356,9M,60,PR,30216,311217,1,21.748,,SHOE,,FJ SUPERLITES,M,FJ1
PRICELIST,13701XXL,PRODUCT DESCRIPTION 1357,16,10,PK,30216,311217,1,20.749,,BALL,,PINN LADY 8/4,M,PINN
PRICELIST,13702S,PRODUCT DESCRIPTION 1358,85,50,DZ,30216,311217,1,21.749,,TACC,,AWAIT CATEGORY,M,TACC
PRICELIST,13703M,PRODUCT DESCRIPTION 1359,2K,20,EA,30216,311217,1,20.750,,,,BAND S7,C,NODS
PRICELIST,13704L,PRODUCT DESCRIPTION 1360,84,55,EA,30216,311217,1,21.750,,TBAG,,AWAIT CATEGORY,M,TBAG
PRICELIST,13705XL,PRODUCT DESCRIPTION 1361,16,10,PK,30216,311217,1,20.751,,BALL,,DT FAMILY,M,GB1
PRICELIST,13706XXL,PRODUCT DESCRIPTION 1362,16,10,PK,30216,311217,1,21.751,,BALL,,DT FAMILY,M,GB1
PRICELIST,13707S,PRODUCT DESCRIPTION 1363,84,55,EA,30216,311217,1,20.752,,TBAG,,AWAIT CATEGORY,M,TBAG
PRICELIST,13708M,PRODUCT DESCRIPTION 1364,2K,20,EA,30216,311217,1,21.752,,,,BAND S8,C,NODS
PRICELIST,13709L,PRODUCT DESCRIPTION 1365,85,50,DZ,30216,311217,1,20.753,,TACC,,TOUR VISOR ADJ,M,TACC
PRICELIST,13710XL,PRODUCT DESCRIPTION 1366,85,50,DZ,30216,311217,1,21.753,,TACC,,WINTER HAT,M,TACC
PRICELIST,13711XXL,PRODUCT DESCRIPTION 1367,84,55,EA,30216,311217,1,20.754,,TBAG,,AWAIT CATEGORY,M,TBAG
PRICELIST,13712S,PRODUCT DESCRIPTION 1368,85,50,DZ,30216,311217,1,21.754,,TACC,,BALL MARKER ADJ,M,TACC
PRICELIST,13713M,PRODUCT DESCRIPTION 1369,85,50,DZ,30216,311217,1,20.755,,TACC,,TOUR ADJUSTABLE,M,TACC
PRICELIST,13714L,PRODUCT DESCRIPTION 1370,85,50,DZ,30216,311217,1,21.755,,TACC,,TOUR SPORTS DZ,M,TACC
PRICELIST,13715XL,PRODUCT DESCRIPTION 1371,84,55,EA,30216,311217,1,20.756,,TBAG,,AWAIT CATEGORY,M,TBAG
PRICELIST,13716XXL,PRODUCT DESCRIPTION 1372,97,70,PK,30216,311217,1,21.756,,SOCK,,AWAIT CATEGORY,M,SCK1
PRICELIST,13717S,PRODUCT DESCRIPTION 1373,84,55,EA,30216,311217,1,20.757,,TBAG,,AWAIT CATEGORY,M,TBAG
PRICELIST,13718M,PRODUCT DESCRIPTION 1374,85,50,PK,30216,311217,1,21.757,,TACC,,AWAIT CATEGORY,M,TACC
PRICELIST,13719L,PRODUCT DESCRIPTION 1375,10,10,DZ,30216,311217,1,20.758,,BALL,,AWAIT CATEGORY,C,GB1
PRICELIST,13720XL,PRODUCT DESCRIPTION 1376,12,10,DZ,30216,311217,1,21.758,,BALL,,PRACTICE BALLS,C,GB1
PRICELIST,13721XXL,PRODUCT DESCRIPTION 1377,9N,60,PR,30216,311217,1,20.759,,SHOE,,AWAIT CATEGORY,M,FJ1
PRICELIST,13722S,PRODUCT DESCRIPTION 1378,9B,60,PR,30216,311217,1,21.759,,SHOE,,FJ ICON,M,FJ1
PRICELIST,13723M,PRODUCT DESCRIPTION 1379,C8,97,EA,30216,311217,1,20.760,,,N,AWAIT CATEGORY,M,CACC
PRICELIST,13724L,PRODUCT DESCRIPTION 1380,C8,97,EA,30216,311217,1,21.760,,,N,AWAIT CATEGORY,M,CACC
PRICELIST,13725XL,PRODUCT DESCRIPTION 1381,C8,97,EA,30216,311217,1,20.761,,,N,AWAIT CATEGORY,M,CACC
PRICELIST,13726XXL,PRODUCT DESCRIPTION 1382,C8,97,EA,30216,311217,1,21.761,,,N,AWAIT CATEGORY,M,CACC
PRICELIST,13727S,PRODUCT DESCRIPTION 1383,C8,97,EA,30216,311217,1,20.762,,,N,AWAIT CATEGORY,M,CACC
PRICELIST,13728M,PRODUCT DESCRIPTION 1384,C8,97,EA,30216,311217,1,21.762,,,N,AWAIT CATEGORY,M,CACC
PRICELIST,13729L,PRODUCT DESCRIPTION 1385,C8,97,EA,30216,311217,1,20.763,,,N,AWAIT CATEGORY,M,CACC
PRICELIST,13730XL,PRODUCT DESCRIPTION 1386,C8,97,EA,30216,311217,1,21.763,,,N,AWAIT CATEGORY,M,CACC
PRICELIST,13731XXL,PRODUCT DESCRIPTION 1387,C8,97,EA,30216,311217,1,20.764,,,N,AWAIT CATEGORY,M,CACC
PRICELIST,13732S,PRODUCT DESCRIPTION 1388,C7,96,EA,30216,311217,1,21.764,,,,AWAIT CATEGORY,M,CBAG
PRICELIST,13733M,PRODUCT DESCRIPTION 1389,9T,60,PR,30216,311217,1,20.765,,SHOE,,LOPRO,M,FJ1
PRICELIST,13734L,PRODUCT DESCRIPTION 1390,9S,60,PR,30216,311217,1,21.765,,SHOE,,CONTOUR,M,FJ1
PRICELIST,13735XL,PRODUCT DESCRIPTION 1391,9S,60,PR,30216,311217,1,20.766,,SHOE,,CONTOUR,M,FJ1
PRICELIST,13736XXL,PRODUCT DESCRIPTION 1392,9S,60,PR,30216,311217,1,21.766,,SHOE,,CONTOUR,M,FJ1
PRICELIST,13737S,PRODUCT DESCRIPTION 1393,9S,60,PR,30216,311217,1,20.767,,SHOE,,CONTOUR,M,FJ1
PRICELIST,13738M,PRODUCT DESCRIPTION 1394,9R,60,PR,30216,311217,1,21.767,,SHOE,,LOPRO,M,FJ1
PRICELIST,13739L,PRODUCT DESCRIPTION 1395,9P,60,PR,30216,311217,1,20.768,,SHOE,,JUNIOR,M,FJ1
PRICELIST,13740XL,PRODUCT DESCRIPTION 1396,9P,60,PR,30216,311217,1,21.768,,SHOE,,JUNIOR,M,FJ1
PRICELIST,13741XXL,PRODUCT DESCRIPTION 1397,9O,60,PR,30216,311217,1,20.769,,SHOE,,SOFTJOY,M,FJ1
PRICELIST,13742S,PRODUCT DESCRIPTION 1398,9O,60,PR,30216,311217,1,21.769,,SHOE,,SOFTJOY,M,FJ1
PRICELIST,13743M,PRODUCT DESCRIPTION 1399,9L,60,PR,30216,311217,1,20.770,,SHOE,,SUMMER S. ECOMF,M,FJ1
PRICELIST,13744L,PRODUCT DESCRIPTION 1400,9L,60,PR,30216,311217,1,21.770,,SHOE,,SUMMER S. ECOMF,M,FJ1
PRICELIST,13745XL,PRODUCT DESCRIPTION 1401,9K,60,PR,30216,311217,1,20.771,,SHOE,,AQL WM,M,FJ1
PRICELIST,13746XXL,PRODUCT DESCRIPTION 1402,9K,60,PR,30216,311217,1,21.771,,SHOE,,AQL,M,FJ1
PRICELIST,13747S,PRODUCT DESCRIPTION 1403,9J,60,PR,30216,311217,1,20.772,,SHOE,,FJ SPORT,M,FJ1
PRICELIST,13748M,PRODUCT DESCRIPTION 1404,9H,60,PR,30216,311217,1,21.772,,SHOE,,AWAIT CATEGORY,M,FJ1
PRICELIST,13749L,PRODUCT DESCRIPTION 1405,9H,60,PR,30216,311217,1,20.773,,SHOE,,DRYJOYS,M,FJ1
PRICELIST,13750XL,PRODUCT DESCRIPTION 1406,9H,60,PR,30216,311217,1,21.773,,SHOE,,DRYJOYS,M,FJ1
PRICELIST,13751XXL,PRODUCT DESCRIPTION 1407,9H,60,PR,30216,311217,1,20.774,,SHOE,,DRYJOYS,M,FJ1
PRICELIST,13752S,PRODUCT DESCRIPTION 1408,9H,60,PR,30216,311217,1,21.774,,SHOE,,DRYJOYS,M,FJ1
PRICELIST,13753M,PRODUCT DESCRIPTION 1409,99,99,EA,30216,311217,1,20.775,,FACC,N,AWAIT CATEGORY,C,NFDS
PRICELIST,13754L,PRODUCT DESCRIPTION 1410,99,99,BX,30216,311217,1,21.775,,FACC,N,AWAIT CATEGORY,C,NFDS
PRICELIST,13755XL,PRODUCT DESCRIPTION 1411,99,99,EA,30216,311217,1,20.776,,FACC,N,AWAIT CATEGORY,M,NFDS
PRICELIST,13756XXL,PRODUCT DESCRIPTION 1412,99,99,EA,30216,311217,1,21.776,,FACC,N,AWAIT CATEGORY,C,NFDS
PRICELIST,13757S,PRODUCT DESCRIPTION 1413,99,99,EA,30216,311217,1,20.777,,FACC,N,AWAIT CATEGORY,M,NFDS
PRICELIST,13758M,PRODUCT DESCRIPTION 1414,99,99,EA,30216,311217,1,21.777,,FACC,N,AWAIT CATEGORY,M,NFDS
PRICELIST,13759L,PRODUCT DESCRIPTION 1415,99,99,EA,30216,311217,1,20.778,,FACC,N,AWAIT CATEGORY,M,NFDS
PRICELIST,13760XL,PRODUCT DESCRIPTION 1416,99,99,EA,30216,311217,1,21.778,,FACC,N,AWAIT CATEGORY,M,NFDS
PRICELIST,13761XXL,PRODUCT DESCRIPTION 1417,99,99,EA,30216,311217,1,20.779,,FACC,N,AWAIT CATEGORY,M,NFDS
PRICELIST,13762S,PRODUCT DESCRIPTION 1418,98,80,EA,30216,311217,1,21.779,,FACC,,HOLDALL,M,FJAC
PRICELIST,13763M,PRODUCT DESCRIPTION 1419,98,80,BX,30216,311217,1,20.780,,FACC,,AWAIT CATEGORY,C,NFDS
PRICELIST,13764L,PRODUCT DESCRIPTION 1420,8K,67,EA,30216,311217,1,21.780,,RAIN,,FJ SRT SH S/S,M,FJOW
PRICELIST,13765XL,PRODUCT DESCRIPTION 1421,8I,67,EA,30216,311217,1,20.781,,RAIN,,DJ SRT R/SHIRT,M,FJOW
PRICELIST,13766XXL,PRODUCT DESCRIPTION 1422,8E,67,EA,30216,311217,1,21.781,,RAIN,,FJ P.SH S/S STR,M,FJOW
PRICELIST,13767S,PRODUCT DESCRIPTION 1423,8D,67,EA,30216,311217,1,20.782,,RAIN,,AWAIT CATEGORY,C,FJOW
PRICELIST,13768M,PRODUCT DESCRIPTION 1424,8C,67,EA,30216,311217,1,21.782,,RAIN,,DJ PERF L/R SRT,M,FJOW
PRICELIST,13769L,PRODUCT DESCRIPTION 1425,8B,67,EA,30216,311217,1,20.783,,RAIN,,WM FJ R/JKT,M,FJOW
PRICELIST,13770XL,PRODUCT DESCRIPTION 1426,8B,67,EA,30216,311217,1,21.783,,RAIN,,DJ PERF L/JKT,M,FJOW
PRICELIST,13771XXL,PRODUCT DESCRIPTION 1427,8A,67,EA,30216,311217,1,20.784,,RAIN,,DJ TOUR R/TROUS,M,FJOW
PRICELIST,13772S,PRODUCT DESCRIPTION 1428,89,60,PR,30216,311217,1,21.784,,SHOE,,MYJOYS ICON/BOA,M,NSDS
PRICELIST,13773M,PRODUCT DESCRIPTION 1429,89,60,PR,30216,311217,1,20.785,,SHOE,,MYJOYS ICON/BOA,M,NSDS
PRICELIST,13774L,PRODUCT DESCRIPTION 1430,89,60,PR,30216,311217,1,21.785,,SHOE,,MYJOYS ICON/BOA,M,NSDS
PRICELIST,13775XL,PRODUCT DESCRIPTION 1431,89,60,PR,30216,311217,1,20.786,,SHOE,,MYJOYS ICON/BOA,M,NSDS
PRICELIST,13776XXL,PRODUCT DESCRIPTION 1432,89,60,PR,30216,311217,1,21.786,,SHOE,,MYJOYS ICON/BOA,M,NSDS
PRICELIST,13777S,PRODUCT DESCRIPTION 1433,89,60,PR,30216,311217,1,20.787,,SHOE,,MYJOYS (FJ PRO),M,NSDS
PRICELIST,13778M,PRODUCT DESCRIPTION 1434,89,60,PR,30216,311217,1,21.787,,SHOE,,MYJOYS (FJ PRO),M,NSDS
PRICELIST,13779L,PRODUCT DESCRIPTION 1435,87,99,EA,30216,311217,1,20.788,,TACC,N,AWAIT CATEGORY,M,NADS
PRICELIST,13780XL,PRODUCT DESCRIPTION 1436,87,99,PK,30216,311217,1,21.788,,TACC,N,AWAIT CATEGORY,M,NADS
PRICELIST,13781XXL,PRODUCT DESCRIPTION 1437,87,99,EA,30216,311217,1,20.789,,TACC,N,AWAIT CATEGORY,M,NADS
PRICELIST,13782S,PRODUCT DESCRIPTION 1438,87,99,EA,30216,311217,1,21.789,,TACC,N,AWAIT CATEGORY,C,NADS
PRICELIST,13783M,PRODUCT DESCRIPTION 1439,87,99,EA,30216,311217,1,20.790,,TACC,N,AWAIT CATEGORY,M,NADS
PRICELIST,13784L,PRODUCT DESCRIPTION 1440,87,99,EA,30216,311217,1,21.790,,TACC,N,AWAIT CATEGORY,M,NADS
PRICELIST,13785XL,PRODUCT DESCRIPTION 1441,87,99,EA,30216,311217,1,20.791,,TACC,N,AWAIT CATEGORY,M,NADS
PRICELIST,13786XXL,PRODUCT DESCRIPTION 1442,87,99,EA,30216,311217,1,21.791,,TACC,N,AWAIT CATEGORY,M,NADS
PRICELIST,13787S,PRODUCT DESCRIPTION 1443,87,99,EA,30216,311217,1,20.792,,TACC,N,AWAIT CATEGORY,M,NADS
PRICELIST,13788M,PRODUCT DESCRIPTION 1444,87,99,EA,30216,311217,1,21.792,,TACC,N,AWAIT CATEGORY,M,NADS
PRICELIST,13789L,PRODUCT DESCRIPTION 1445,87,99,EA,30216,311217,1,20.793,,TACC,N,AWAIT CATEGORY,M,NADS
PRICELIST,13790XL,PRODUCT DESCRIPTION 1446,87,99,EA,30216,311217,1,21.793,,TACC,N,AWAIT CATEGORY,M,NADS
PRICELIST,13791XXL,PRODUCT DESCRIPTION 1447,87,99,EA,30216,311217,1,20.794,,TACC,N,AWAIT CATEGORY,M,NADS
PRICELIST,13792S,PRODUCT DESCRIPTION 1448,87,99,EA,30216,311217,1,21.794,,TACC,N,AWAIT CATEGORY,M,NADS
PRICELIST,13793M,PRODUCT DESCRIPTION 1449,87,99,EA,30216,311217,1,20.795,,TACC,N,AWAIT CATEGORY,M,NADS
PRICELIST,13794L,PRODUCT DESCRIPTION 1450,4V,40,EA,30216,311217,1,21.795,,FGLV,,CABRETTASOF,C,FGLV
PRICELIST,13795XL,PRODUCT DESCRIPTION 1451,HE,40,EA,30216,311217,1,20.796,,FGLV,,Q MARK CABRETTA,C,FGLV
PRICELIST,13796XXL,PRODUCT DESCRIPTION 1452,96,70,PR,30216,311217,1,21.796,,SOCK,,P/D EX QTR WM 6,M,SCK1
PRICELIST,13797S,PRODUCT DESCRIPTION 1453,96,70,PR,30216,311217,1,20.797,,SOCK,,P/D EX SPT WM 6,M,SCK1
PRICELIST,13798M,PRODUCT DESCRIPTION 1454,96,70,SIX,30216,311217,1,21.797,,SOCK,,LW PD EX LC WM6,M,SCK1
PRICELIST,13799L,PRODUCT DESCRIPTION 1455,8P,67,EA,30216,311217,1,20.798,,RAIN,,AWAIT CATEGORY,M,FJAP
PRICELIST,13800XL,PRODUCT DESCRIPTION 1456,96,70,SIX,30216,311217,1,21.798,,SOCK,,P/D EX CRW WM 6,M,SCK1
PRICELIST,13801XXL,PRODUCT DESCRIPTION 1457,10,10,DZ,30216,311217,1,20.799,,BALL,,PRO V1,M,GB1
PRICELIST,13802S,PRODUCT DESCRIPTION 1458,85,50,EA,30216,311217,1,21.799,,TACC,,D/CANOPY UMBREL,C,TACC
PRICELIST,13803M,PRODUCT DESCRIPTION 1459,9Q,60,PR,30216,311217,1,20.800,,SHOE,,AWAIT CATEGORY,M,FJ1
PRICELIST,13804L,PRODUCT DESCRIPTION 1460,9P,60,PR,30216,311217,1,21.800,,SHOE,,FJ SANDAL MEN,M,FJ1
PRICELIST,13805XL,PRODUCT DESCRIPTION 1461,9V,60,PR,30216,311217,1,20.801,,SHOE,,LT SERIES,M,NSDS
PRICELIST,13806S,PRODUCT DESCRIPTION 1462,98,80,PK,30216,311217,1,21.801,,FACC,,WINT H/WEAR (6),M,FJAC
PRICELIST,13807M,PRODUCT DESCRIPTION 1463,85,50,EA,30216,311217,1,20.802,,TACC,,BACKPACK,M,TACC
PRICELIST,13808L,PRODUCT DESCRIPTION 1464,85,50,EA,30216,311217,1,21.802,,TACC,,BUSINESS PACK,M,TACC
PRICELIST,13809XL,PRODUCT DESCRIPTION 1465,85,50,EA,30216,311217,1,20.803,,TACC,,DUFFEL BAG,M,TACC
PRICELIST,13810XXL,PRODUCT DESCRIPTION 1466,8A,67,PR,30216,311217,1,21.803,,RAIN,,DJ PERF L/R TRS,M,FJOW
PRICELIST,13811S,PRODUCT DESCRIPTION 1467,8C,67,EA,30216,311217,1,20.804,,RAIN,,DJ TOUR R/SHIRT,M,FJOW
PRICELIST,13812M,PRODUCT DESCRIPTION 1468,85,50,EA,30216,311217,1,21.804,,TACC,,WHEELED DUF BAG,M,TACC
PRICELIST,13813L,PRODUCT DESCRIPTION 1469,2K,20,EA,30216,311217,1,20.805,,,,CHARGE,C,NODS
PRICELIST,13814XL,PRODUCT DESCRIPTION 1470,2B,20,EA,30216,311217,1,21.805,,,,VOKEY C/C,C,TIRN
PRICELIST,13815XXL,PRODUCT DESCRIPTION 1471,84,55,EA,30216,311217,1,20.806,,TBAG,,SX1 BAG,M,TBAG
PRICELIST,13816S,PRODUCT DESCRIPTION 1472,98,80,DZ,30216,311217,1,21.806,,FACC,,WINT H/WEAR DZ,M,FJAC
PRICELIST,13817M,PRODUCT DESCRIPTION 1473,2K,20,EA,30216,311217,1,20.807,,,,CHARGE,C,NODS
PRICELIST,13818L,PRODUCT DESCRIPTION 1474,2K,20,EA,30216,311217,1,21.807,,,,CHARGE,C,NODS
PRICELIST,13819XL,PRODUCT DESCRIPTION 1475,2K,20,EA,30216,311217,1,20.808,,,,CHARGE,C,NODS
PRICELIST,13820XXL,PRODUCT DESCRIPTION 1476,2K,20,EA,30216,311217,1,21.808,,,,CHARGE,C,NODS
PRICELIST,13821S,PRODUCT DESCRIPTION 1477,20,20,EA,30216,311217,1,20.809,,,,VOKEY TC,C,TIRN
PRICELIST,13822M,PRODUCT DESCRIPTION 1478,2K,20,EA,30216,311217,1,21.809,,,,CHARGE,C,NODS
PRICELIST,13823L,PRODUCT DESCRIPTION 1479,2K,20,EA,30216,311217,1,20.810,,,,CHARGE,C,NODS
PRICELIST,13824XL,PRODUCT DESCRIPTION 1480,96,70,PR,30216,311217,1,21.810,,SOCK,N,P/D EX CRW WM 6,M,SCK1
PRICELIST,13825XXL,PRODUCT DESCRIPTION 1481,98,80,EA,30216,311217,1,20.811,,FACC,,WINT H/WEAR EA,M,FJAC
PRICELIST,13826S,PRODUCT DESCRIPTION 1482,98,80,EA,30216,311217,1,21.811,,FACC,,WINT H/WEAR EA,M,FJAC
PRICELIST,13827M,PRODUCT DESCRIPTION 1483,06,40,EA,30216,311217,1,20.812,,FGLV,,AWAIT CATEGORY,M,FGLV
PRICELIST,13828L,PRODUCT DESCRIPTION 1484,4C,40,EA,30216,311217,1,21.812,,FGLV,,SCIFLEX,M,FGLV
PRICELIST,13829XL,PRODUCT DESCRIPTION 1485,HD,40,EA,30216,311217,1,20.813,,FGLV,,Q MARK SCIFLEX,C,FGLV
PRICELIST,13830XXL,PRODUCT DESCRIPTION 1486,4J,40,PR,30216,311217,1,21.813,,FGLV,,WINTERSOF,M,FGLV
PRICELIST,13831S,PRODUCT DESCRIPTION 1487,8D,67,EA,30216,311217,1,20.814,,RAIN,,FJ P.SH S/S SOL,M,FJOW
PRICELIST,13832M,PRODUCT DESCRIPTION 1488,9P,60,PR,30216,311217,1,21.814,,SHOE,,JUNIOR,M,FJ1
PRICELIST,13833L,PRODUCT DESCRIPTION 1489,8E,67,EA,30216,311217,1,20.815,,RAIN,,FJ PERF SH L/S,M,FJAP
PRICELIST,13834XL,PRODUCT DESCRIPTION 1490,9P,60,PR,30216,311217,1,21.815,,SHOE,,GREENJOYS,M,FJ1
PRICELIST,13835XXL,PRODUCT DESCRIPTION 1491,8J,67,EA,30216,311217,1,20.816,,RAIN,,WM FJ WIND VEST,M,FJOW
PRICELIST,13836S,PRODUCT DESCRIPTION 1492,8D,67,EA,30216,311217,1,21.816,,RAIN,,WM FJ W/SHIRT,M,FJOW
PRICELIST,13837M,PRODUCT DESCRIPTION 1493,9L,60,PR,30216,311217,1,20.817,,SHOE,,SUMMER S. ECOMF,M,FJ1
PRICELIST,13838L,PRODUCT DESCRIPTION 1494,4E,40,SIX,30216,311217,1,21.817,,FGLV,,AWAIT CATEGORY,M,FGLV
PRICELIST,13839XL,PRODUCT DESCRIPTION 1495,9O,60,PR,30216,311217,1,20.818,,SHOE,,FJ BOOT MENS,M,FJ1
PRICELIST,13840XXL,PRODUCT DESCRIPTION 1496,9O,60,PR,30216,311217,1,21.818,,SHOE,,FJ BOOT LDY,M,FJ1
PRICELIST,13841S,PRODUCT DESCRIPTION 1497,9K,60,PR,30216,311217,1,20.819,,SHOE,,AQL WM,M,FJ1
PRICELIST,13842M,PRODUCT DESCRIPTION 1498,4C,40,SIX,30216,311217,1,21.819,,FGLV,,SCIFLEX 1/2 DOZ,M,FGLV
PRICELIST,13843L,PRODUCT DESCRIPTION 1499,9S,60,PR,30216,311217,1,20.820,,SHOE,,CONTOUR,M,FJ1
PRICELIST,13844XL,PRODUCT DESCRIPTION 1500,89,60,PR,30216,311217,1,21.820,,SHOE,,MYJOYS LOPRO WM,M,NSDS
PRICELIST,13845XXL,PRODUCT DESCRIPTION 1501,8B,67,EA,30216,311217,1,20.821,,RAIN,,WM FJ R/JKT,C,FJOW
PRICELIST,13846S,PRODUCT DESCRIPTION 1502,89,60,PR,30216,311217,1,21.821,,SHOE,,MJ DRYJOYS WM,M,NSDS
PRICELIST,13847M,PRODUCT DESCRIPTION 1503,9B,60,PR,30216,311217,1,20.822,,SHOE,,FJ PROFESSIONAL,M,FJ1
PRICELIST,13848L,PRODUCT DESCRIPTION 1504,89,60,PR,30216,311217,1,21.822,,SHOE,,MJ DRYJOYS WM,M,NSDS
PRICELIST,13849XL,PRODUCT DESCRIPTION 1505,21,20,EA,30216,311217,1,20.823,,,,910F/FD,M,TMET
PRICELIST,13850XXL,PRODUCT DESCRIPTION 1506,21,20,EA,30216,311217,1,21.823,,,,910F/FD,M,TMET
PRICELIST,13851S,PRODUCT DESCRIPTION 1507,21,20,EA,30216,311217,1,20.824,,,,910D2/D3,M,TMET
PRICELIST,13852M,PRODUCT DESCRIPTION 1508,2K,20,EA,30216,311217,1,21.824,,,,CHARGE,C,NODS
PRICELIST,13853L,PRODUCT DESCRIPTION 1509,2K,20,EA,30216,311217,1,20.825,,,,CHARGE,C,NODS
PRICELIST,13854XL,PRODUCT DESCRIPTION 1510,2K,20,EA,30216,311217,1,21.825,,,N,CHARGE,C,NODS
PRICELIST,13855XXL,PRODUCT DESCRIPTION 1511,29,20,EA,30216,311217,1,20.826,,,N,COMPONENTS,C,TMET
PRICELIST,13856S,PRODUCT DESCRIPTION 1512,23,20,EA,30216,311217,1,21.826,,,N,FOC,C,TIRN
PRICELIST,13857M,PRODUCT DESCRIPTION 1513,09,20,EA,30216,311217,1,20.827,,,,COMPONENTS,C,
PRICELIST,13858L,PRODUCT DESCRIPTION 1514,85,20,EA,30216,311217,1,21.827,,,,AWAIT CATEGORY,C,
PRICELIST,13859XL,PRODUCT DESCRIPTION 1515,09,20,EA,30216,311217,1,20.828,,,N,SHAFT,C,TMET
PRICELIST,13860XXL,PRODUCT DESCRIPTION 1516,09,20,EA,30216,311217,1,21.828,,,N,SHAFT,C,TMET
PRICELIST,13861S,PRODUCT DESCRIPTION 1517,85,50,PK,30216,311217,1,20.829,,TACC,,T.CORNER PACK,M,TACC
PRICELIST,13862M,PRODUCT DESCRIPTION 1518,85,50,PK,30216,311217,1,21.829,,TACC,,ACCESSORY PACK,M,TACC
PRICELIST,13863L,PRODUCT DESCRIPTION 1519,85,50,EA,30216,311217,1,20.830,,TACC,,AWAIT CATEGORY,M,NADS
PRICELIST,13864XL,PRODUCT DESCRIPTION 1520,85,50,EA,30216,311217,1,21.830,,TACC,,AWAIT CATEGORY,C,NADS
PRICELIST,13865XXL,PRODUCT DESCRIPTION 1521,2U,20,EA,30216,311217,1,20.831,,,,SC MYGIRL/HOLID,C,TPUT
PRICELIST,13866S,PRODUCT DESCRIPTION 1522,16,10,PK,30216,311217,1,21.831,,BALL,,PRO V FAMILY PK,M,GB1
PRICELIST,13867M,PRODUCT DESCRIPTION 1523,85,50,DZ,30216,311217,1,20.832,,TACC,,TOUR SPORTS DZ,M,TACC
PRICELIST,13868L,PRODUCT DESCRIPTION 1524,85,50,EA,30216,311217,1,21.832,,TACC,,AWAIT CATEGORY,M,NADS
PRICELIST,13869XL,PRODUCT DESCRIPTION 1525,85,50,DZ,30216,311217,1,20.833,,TACC,,T.CORP.CAP,C,TACC
PRICELIST,13870XXL,PRODUCT DESCRIPTION 1526,85,50,DZ,30216,311217,1,21.833,,TACC,,BALL MARKER ADJ,M,TACC
PRICELIST,13871S,PRODUCT DESCRIPTION 1527,84,55,EA,30216,311217,1,20.834,,TBAG,,SX6 STADRY BAG,M,TBAG
PRICELIST,13872M,PRODUCT DESCRIPTION 1528,85,50,DZ,30216,311217,1,21.834,,TACC,,LOW RISE CAP DZ,M,TACC
PRICELIST,13873L,PRODUCT DESCRIPTION 1529,85,50,DZ,30216,311217,1,20.835,,TACC,,T.JUNIOR CAP DZ,M,TACC
PRICELIST,13874XL,PRODUCT DESCRIPTION 1530,85,50,DZ,30216,311217,1,21.835,,TACC,,BALL MARKER ADJ,M,TACC
PRICELIST,13875XXL,PRODUCT DESCRIPTION 1531,84,55,EA,30216,311217,1,20.836,,TBAG,,T.CART BAG,M,TBAG
PRICELIST,13876S,PRODUCT DESCRIPTION 1532,84,55,EA,30216,311217,1,21.836,,TBAG,,STAND BAG 14WAY,M,TBAG
PRICELIST,13877M,PRODUCT DESCRIPTION 1533,85,50,DZ,30216,311217,1,20.837,,TACC,,TOUR ADJUSTABLE,M,TACC
PRICELIST,13878L,PRODUCT DESCRIPTION 1534,84,55,EA,30216,311217,1,21.837,,TBAG,,SX6 BAG,M,TBAG
PRICELIST,13879XL,PRODUCT DESCRIPTION 1535,85,50,EA,30216,311217,1,20.838,,TACC,,AWAIT CATEGORY,C,NADS
PRICELIST,13880XXL,PRODUCT DESCRIPTION 1536,85,50,EA,30216,311217,1,21.838,,TACC,,BRIEFCASE,M,TACC
PRICELIST,13881S,PRODUCT DESCRIPTION 1537,85,50,EA,30216,311217,1,20.839,,TACC,,T.MESSENGER BAG,M,TACC
PRICELIST,13882M,PRODUCT DESCRIPTION 1538,84,55,EA,30216,311217,1,21.839,,TBAG,,T.CARRY D.STRAP,M,TBAG
PRICELIST,13883L,PRODUCT DESCRIPTION 1539,84,55,EA,30216,311217,1,20.840,,TBAG,,T.CARRY S.STRAP,M,TBAG
PRICELIST,13884XL,PRODUCT DESCRIPTION 1540,8Z,55,EA,30216,311217,1,21.840,,TBAG,,AWAIT CATEGORY,C,NODS
PRICELIST,13885XXL,PRODUCT DESCRIPTION 1541,85,50,EA,30216,311217,1,20.841,,TACC,,TOWEL,M,TACC
PRICELIST,13886S,PRODUCT DESCRIPTION 1542,85,50,EA,30216,311217,1,21.841,,TACC,,TOUR SPORTS EA,M,TACC
PRICELIST,13887M,PRODUCT DESCRIPTION 1543,8Z,55,EA,30216,311217,1,20.842,,TBAG,,AWAIT CATEGORY,C,NODS
PRICELIST,13888L,PRODUCT DESCRIPTION 1544,85,50,EA,30216,311217,1,21.842,,TACC,,T.CORP.CAP,C,TACC
PRICELIST,13889XL,PRODUCT DESCRIPTION 1545,85,50,EA,30216,311217,1,20.843,,TACC,,B.MARKER ADJ EA,M,TACC
PRICELIST,13890XXL,PRODUCT DESCRIPTION 1546,85,50,EA,30216,311217,1,21.843,,TACC,,B.MARKER ADJ EA,M,TACC
PRICELIST,13891S,PRODUCT DESCRIPTION 1547,85,50,EA,30216,311217,1,20.844,,TACC,,LOW RISE CAP EA,M,TACC
PRICELIST,13892M,PRODUCT DESCRIPTION 1548,85,50,EA,30216,311217,1,21.844,,TACC,,T.JUNIOR CAP EA,M,TACC
PRICELIST,13893L,PRODUCT DESCRIPTION 1549,85,50,EA,30216,311217,1,20.845,,TACC,,B.MARKER ADJ EA,M,TACC
PRICELIST,13894XL,PRODUCT DESCRIPTION 1550,85,50,EA,30216,311217,1,21.845,,TACC,,CORP.B/MARKER V,M,TACC
PRICELIST,13895XXL,PRODUCT DESCRIPTION 1551,85,50,EA,30216,311217,1,20.846,,TACC,,B.MARKER ADJ EA,M,TACC
PRICELIST,13896S,PRODUCT DESCRIPTION 1552,85,50,EA,30216,311217,1,21.846,,TACC,,VISOR ADJUST EA,M,TACC
PRICELIST,13897M,PRODUCT DESCRIPTION 1553,8Z,50,EA,30216,311217,1,20.847,,TACC,,AWAIT CATEGORY,C,NODS
PRICELIST,13898L,PRODUCT DESCRIPTION 1554,8Z,50,EA,30216,311217,1,21.847,,TACC,,AWAIT CATEGORY,C,NODS
PRICELIST,13899XL,PRODUCT DESCRIPTION 1555,10,10,PK,30216,311217,1,20.848,,BALL,,AWAIT CATEGORY,M,GB1
PRICELIST,13900XXL,PRODUCT DESCRIPTION 1556,10,10,PK,30216,311217,1,21.848,,BALL,N,AWAIT CATEGORY,M,GB1
PRICELIST,13901S,PRODUCT DESCRIPTION 1557,9U,60,PR,30216,311217,1,20.849,,SHOE,,FJ STREET,M,FJ1
PRICELIST,13902M,PRODUCT DESCRIPTION 1558,9T,60,PR,30216,311217,1,21.849,,SHOE,,LOPRO,M,FJ1
PRICELIST,13903L,PRODUCT DESCRIPTION 1559,9S,60,PR,30216,311217,1,20.850,,SHOE,,CONTOUR,M,FJ1
PRICELIST,13904XL,PRODUCT DESCRIPTION 1560,9R,60,PR,30216,311217,1,21.850,,SHOE,,LOPRO,M,FJ1
PRICELIST,13905XXL,PRODUCT DESCRIPTION 1561,9O,60,PR,30216,311217,1,20.851,,SHOE,,SOFTJOY,C,FJ1
PRICELIST,13906S,PRODUCT DESCRIPTION 1562,9O,60,PR,30216,311217,1,21.851,,SHOE,,SOFTJOY,M,FJ1
PRICELIST,13907M,PRODUCT DESCRIPTION 1563,9M,60,PR,30216,311217,1,20.852,,SHOE,,FJ SUPERLITES,M,FJ1
PRICELIST,13908L,PRODUCT DESCRIPTION 1564,9L,60,PR,30216,311217,1,21.852,,SHOE,,SUMMER S. ECOMF,M,FJ1
PRICELIST,13909XL,PRODUCT DESCRIPTION 1565,9K,60,PR,30216,311217,1,20.853,,SHOE,,AQL WM,M,FJ1
PRICELIST,13910XXL,PRODUCT DESCRIPTION 1566,9K,60,PR,30216,311217,1,21.853,,SHOE,,AWAIT CATEGORY,M,FJ1
PRICELIST,13911S,PRODUCT DESCRIPTION 1567,9K,60,PR,30216,311217,1,20.854,,SHOE,,AQL WM,M,FJ1
PRICELIST,13912M,PRODUCT DESCRIPTION 1568,9J,60,PR,30216,311217,1,21.854,,SHOE,,FJ SPORT,M,FJ1
PRICELIST,13913L,PRODUCT DESCRIPTION 1569,9H,60,PR,30216,311217,1,20.855,,SHOE,,DRYJOYS,M,FJ1
PRICELIST,13914XL,PRODUCT DESCRIPTION 1570,9H,60,PR,30216,311217,1,21.855,,SHOE,,DRYJOYS,C,FJ1
PRICELIST,13915XXL,PRODUCT DESCRIPTION 1571,9H,60,PR,30216,311217,1,20.856,,SHOE,,DRYJOYS,C,FJ1
PRICELIST,13916S,PRODUCT DESCRIPTION 1572,9H,60,PR,30216,311217,1,21.856,,SHOE,,DRYJOYS,M,FJ1
PRICELIST,13917M,PRODUCT DESCRIPTION 1573,9F,60,PR,30216,311217,1,20.857,,SHOE,,SYNR-G,M,FJ1
PRICELIST,13918L,PRODUCT DESCRIPTION 1574,9B,60,PR,30216,311217,1,21.857,,SHOE,,FJ ICON,M,FJ1
PRICELIST,13919XL,PRODUCT DESCRIPTION 1575,99,99,EA,30216,311217,1,20.858,,FACC,N,POS,M,NFDS
PRICELIST,13920XXL,PRODUCT DESCRIPTION 1576,98,80,PR,30216,311217,1,21.858,,FACC,,AWAIT CATEGORY,C,
PRICELIST,13921S,PRODUCT DESCRIPTION 1577,97,70,PK,30216,311217,1,20.859,,SOCK,,XMAS,M,SCK1
PRICELIST,13922M,PRODUCT DESCRIPTION 1578,97,70,PK,30216,311217,1,21.859,,SOCK,,CS MN F/CREW 3D,C,SCK1
PRICELIST,13923L,PRODUCT DESCRIPTION 1579,8Y,80,EA,30216,311217,1,20.860,,FACC,,AWAIT CATEGORY,C,NODS
PRICELIST,13924XL,PRODUCT DESCRIPTION 1580,8Y,80,EA,30216,311217,1,21.860,,FACC,,AWAIT CATEGORY,C,NODS
PRICELIST,13925XXL,PRODUCT DESCRIPTION 1581,8Y,80,EA,30216,311217,1,20.861,,FACC,,AWAIT CATEGORY,C,NODS
PRICELIST,13926S,PRODUCT DESCRIPTION 1582,8Y,80,EA,30216,311217,1,21.861,,FACC,,AWAIT CATEGORY,C,NODS
PRICELIST,13927M,PRODUCT DESCRIPTION 1583,8Y,80,EA,30216,311217,4,20.862,,FACC,,AWAIT CATEGORY,C,NODS
PRICELIST,13928L,PRODUCT DESCRIPTION 1584,8Y,80,EA,30216,311217,1,21.862,,FACC,,AWAIT CATEGORY,C,NODS
PRICELIST,13929XL,PRODUCT DESCRIPTION 1585,8Y,60,EA,30216,311217,1,20.863,,SHOE,N,AWAIT CATEGORY,C,NODS
PRICELIST,13930XXL,PRODUCT DESCRIPTION 1586,8I,67,EA,30216,311217,1,21.863,,RAIN,,DJ SRT R/SH S/S,M,FJOW
PRICELIST,13931S,PRODUCT DESCRIPTION 1587,8H,67,EA,30216,311217,1,20.864,,RAIN,,DJ SPORT JKT,C,FJOW
PRICELIST,13932M,PRODUCT DESCRIPTION 1588,8E,67,EA,30216,311217,1,21.864,,RAIN,,AWAIT CATEGORY,C,FJOW
PRICELIST,13933L,PRODUCT DESCRIPTION 1589,8E,67,EA,30216,311217,1,20.865,,RAIN,,FJ P.SH S/S STR,M,FJOW
PRICELIST,13934XL,PRODUCT DESCRIPTION 1590,8E,67,EA,30216,311217,1,21.865,,RAIN,,FJ P.SH S/S SOL,M,FJOW
PRICELIST,13935XXL,PRODUCT DESCRIPTION 1591,8B,67,EA,30216,311217,1,20.866,,RAIN,,DJ TOUR R/JKT,M,FJOW
PRICELIST,13936S,PRODUCT DESCRIPTION 1592,8B,67,EA,30216,311217,1,21.866,,RAIN,,DJ PERF L/JKT,M,FJOW
PRICELIST,13937M,PRODUCT DESCRIPTION 1593,8A,67,PR,30216,311217,1,20.867,,RAIN,,AWAIT CATEGORY,M,FJOW
PRICELIST,13938L,PRODUCT DESCRIPTION 1594,87,99,EA,30216,311217,1,21.867,,TACC,N,AWAIT CATEGORY,M,NADS
PRICELIST,13939XL,PRODUCT DESCRIPTION 1595,85,50,EA,30216,311217,1,20.868,,TACC,N,AWAIT CATEGORY,M,TACC
PRICELIST,13940XXL,PRODUCT DESCRIPTION 1596,85,50,EA,30216,311217,1,21.868,,TACC,N,FOC,M,TACC
PRICELIST,13941S,PRODUCT DESCRIPTION 1597,4V,40,EA,30216,311217,1,20.869,,FGLV,,PURE TOUCH,C,FGLV
PRICELIST,13942M,PRODUCT DESCRIPTION 1598,4K,40,EA,30216,311217,1,21.869,,FGLV,,AWAIT CATEGORY,M,FGLV
PRICELIST,13943L,PRODUCT DESCRIPTION 1599,4C,40,EA,30216,311217,1,20.870,,FGLV,,SCIFLEX,C,FGLV
PRICELIST,13944XL,PRODUCT DESCRIPTION 1600,4C,40,EA,30216,311217,1,21.870,,FGLV,N,FOC,C,FGLV
PRICELIST,13945XXL,PRODUCT DESCRIPTION 1601,2Z,20,EA,30216,311217,1,20.871,,,,SC SPEC LTD EDI,M,TPUT
PRICELIST,13946S,PRODUCT DESCRIPTION 1602,4R,40,EA,30216,311217,1,21.871,,FGLV,,FJ ATTITUDES,M,FGLV
PRICELIST,13947M,PRODUCT DESCRIPTION 1603,4P,40,EA,30216,311217,1,20.872,,FGLV,,AWAIT CATEGORY,M,FGLV
PRICELIST,13948L,PRODUCT DESCRIPTION 1604,4D,40,EA,30216,311217,1,21.872,,FGLV,,SOFJOY (SMU),M,FGLV
PRICELIST,13949XL,PRODUCT DESCRIPTION 1605,4E,40,EA,30216,311217,1,20.873,,FGLV,,WEATHERSOF GTX,M,FGLV
PRICELIST,13950XXL,PRODUCT DESCRIPTION 1606,01,40,EA,30216,311217,1,21.873,,FGLV,N,AWAIT CATEGORY,C,NADS
PRICELIST,13951S,PRODUCT DESCRIPTION 1607,07,50,EA,30216,311217,1,20.874,,TACC,N,FOC,C,NODS
PRICELIST,13952M,PRODUCT DESCRIPTION 1608,07,50,EA,30216,311217,1,21.874,,TACC,N,FOC,C,NODS
PRICELIST,13953L,PRODUCT DESCRIPTION 1609,06,40,EA,30216,311217,1,20.875,,FGLV,,QM WEATHERSOF,M,FGLV
PRICELIST,13954XL,PRODUCT DESCRIPTION 1610,10,10,DZ,30216,311217,1,21.875,,,,AWAIT CATEGORY,M,PINN
PRICELIST,13955XXL,PRODUCT DESCRIPTION 1611,11,10,DZ,30216,311217,144,20.876,,LOGO,,AWAIT CATEGORY,M,PING
PRICELIST,13956S,PRODUCT DESCRIPTION 1612,8O,67,EA,30216,311217,1,21.876,,,,AWAIT CATEGORY,M,FJAP
PRICELIST,13957M,PRODUCT DESCRIPTION 1613,05,40,EA,30216,311217,1,20.877,,FGLV,,AWAIT CATEGORY,C,
PRICELIST,13958L,PRODUCT DESCRIPTION 1614,10,10,PK,30216,311217,1,21.877,,BALL,N,AWAIT CATEGORY,M,GB1
PRICELIST,13959XL,PRODUCT DESCRIPTION 1615,10,10,PK,30216,311217,1,20.878,,BALL,N,AWAIT CATEGORY,M,GB1
PRICELIST,13960XXL,PRODUCT DESCRIPTION 1616,10,10,DZ,30216,311217,1,21.878,,BALL,,AWAIT CATEGORY,C,GB1
PRICELIST,13961S,PRODUCT DESCRIPTION 1617,10,10,DZ,30216,311217,1,20.879,,BALL,,AWAIT CATEGORY,C,GB1
PRICELIST,13962M,PRODUCT DESCRIPTION 1618,9O,60,PR,30216,311217,1,21.879,,,,AWAIT CATEGORY,M,FJ1
PRICELIST,13963L,PRODUCT DESCRIPTION 1619,9K,60,PR,30216,311217,1,20.880,,,,AWAIT CATEGORY,M,FJ1
PRICELIST,13964XL,PRODUCT DESCRIPTION 1620,9B,60,PR,30216,311217,1,21.880,,SHOE,,AWAIT CATEGORY,M,FJ1
PRICELIST,13965XXL,PRODUCT DESCRIPTION 1621,12,10,DZ,30216,311217,1,20.881,,,,AWAIT CATEGORY,C,NODS
PRICELIST,13966S,PRODUCT DESCRIPTION 1622,98,80,PK,30216,311217,1,21.881,,,,AWAIT CATEGORY,M,FJAC
PRICELIST,13967M,PRODUCT DESCRIPTION 1623,8N,67,EA,30216,311217,1,20.882,,,,AWAIT CATEGORY,M,FJAP
PRICELIST,13968L,PRODUCT DESCRIPTION 1624,10,10,DZ,30216,311217,1,21.882,,,,AWAIT CATEGORY,C,GB1
PRICELIST,13969XL,PRODUCT DESCRIPTION 1625,4H,40,EA,30216,311217,1,20.883,,FGLV,,FOOTJOY JUNIOR,M,FGLV
PRICELIST,13970XXL,PRODUCT DESCRIPTION 1626,4F,40,EA,30216,311217,1,21.883,,FGLV,,STASOF,M,FGLV
PRICELIST,13971S,PRODUCT DESCRIPTION 1627,06,40,EA,30216,311217,1,20.884,,FGLV,,Q MARK W/SOF,M,FGLV
PRICELIST,13972M,PRODUCT DESCRIPTION 1628,4G,40,EA,30216,311217,1,21.884,,,,AWAIT CATEGORY,M,FGLV
PRICELIST,13973L,PRODUCT DESCRIPTION 1629,HG,40,EA,30216,311217,1,20.885,,FGLV,,Q MARK W/SOF,C,FGLV
PRICELIST,13974XL,PRODUCT DESCRIPTION 1630,4K,40,EA,30216,311217,1,21.885,,FGLV,,STASOF,M,FGLV
PRICELIST,13975XXL,PRODUCT DESCRIPTION 1631,4F,40,PK,30216,311217,1,20.886,,FGLV,,STASOF,M,FGLV
PRICELIST,13976S,PRODUCT DESCRIPTION 1632,2K,20,EA,30216,311217,1,21.886,,,,CHARGE,C,NODS
PRICELIST,13977M,PRODUCT DESCRIPTION 1633,4F,40,PR,30216,311217,1,20.887,,FGLV,,STASOF,M,FGLV
PRICELIST,13978L,PRODUCT DESCRIPTION 1634,4B,40,EA,30216,311217,1,21.887,,FGLV,,STASOF,M,FGLV
PRICELIST,13979XL,PRODUCT DESCRIPTION 1635,2K,20,EA,30216,311217,1,20.888,,,,CHARGE,C,NODS
PRICELIST,13980S,PRODUCT DESCRIPTION 1636,97,70,PK,30216,311217,1,21.888,,,,AWAIT CATEGORY,M,SCK1
PRICELIST,13981M,PRODUCT DESCRIPTION 1637,97,70,PR,30216,311217,1,20.889,,SOCK,,AWAIT CATEGORY,C,SCK1
PRICELIST,13982L,PRODUCT DESCRIPTION 1638,97,70,PR,30216,311217,1,21.889,,SOCK,,AWAIT CATEGORY,C,SCK1
PRICELIST,13983XL,PRODUCT DESCRIPTION 1639,97,70,PR,30216,311217,1,20.890,,SOCK,,AWAIT CATEGORY,C,SCK1
PRICELIST,13984XXL,PRODUCT DESCRIPTION 1640,8P,67,EA,30216,311217,1,21.890,,RAIN,,OUTERWEAR,M,FJAP
PRICELIST,13985S,PRODUCT DESCRIPTION 1641,8M,67,EA,30216,311217,1,20.891,,RAIN,,FJ SRT SH S/S,C,FJAP
PRICELIST,13986M,PRODUCT DESCRIPTION 1642,8M,67,EA,30216,311217,1,21.891,,RAIN,,FJ SRT SH S/S,C,FJAP
PRICELIST,13987L,PRODUCT DESCRIPTION 1643,8M,67,EA,30216,311217,1,20.892,,RAIN,,FJ SRT SH S/S,M,FJAP
PRICELIST,13988XL,PRODUCT DESCRIPTION 1644,4H,40,SIX,30216,311217,1,21.892,,FGLV,,FOOTJOY JUNIOR,M,FGLV
PRICELIST,13989XXL,PRODUCT DESCRIPTION 1645,8P,67,EA,30216,311217,1,20.893,,RAIN,,OUTERWEAR,M,FJAP
PRICELIST,13990S,PRODUCT DESCRIPTION 1646,8P,67,EA,30216,311217,1,21.893,,RAIN,,OUTERWEAR,C,FJAP
PRICELIST,13991M,PRODUCT DESCRIPTION 1647,97,70,PR,30216,311217,1,20.894,,SOCK,,AWAIT CATEGORY,C,SCK1
PRICELIST,13992L,PRODUCT DESCRIPTION 1648,2K,20,EA,30216,311217,1,21.894,,,,CHARGE,C,NODS
PRICELIST,13993XL,PRODUCT DESCRIPTION 1649,8P,67,EA,30216,311217,1,20.895,,RAIN,,OUTERWEAR,M,FJAP
PRICELIST,13994XXL,PRODUCT DESCRIPTION 1650,4F,40,SIX,30216,311217,1,21.895,,FGLV,,STASOF,M,FGLV
PRICELIST,13995S,PRODUCT DESCRIPTION 1651,8J,67,EA,30216,311217,1,20.896,,RAIN,,AWAIT CATEGORY,M,FJOW
PRICELIST,13996M,PRODUCT DESCRIPTION 1652,8N,67,EA,30216,311217,1,21.896,,RAIN,,FJ PERF SH L/S,M,FJAP
PRICELIST,13997L,PRODUCT DESCRIPTION 1653,8D,67,EA,30216,311217,1,20.897,,RAIN,,AWAIT CATEGORY,M,FJOW
PRICELIST,13998XL,PRODUCT DESCRIPTION 1654,8D,67,EA,30216,311217,1,21.897,,RAIN,,AWAIT CATEGORY,M,FJOW
PRICELIST,13999XXL,PRODUCT DESCRIPTION 1655,8O,67,EA,30216,311217,1,20.898,,RAIN,,AWAIT CATEGORY,M,FJAP
PRICELIST,14000S,PRODUCT DESCRIPTION 1656,8O,67,EA,30216,311217,1,21.898,,RAIN,,AWAIT CATEGORY,M,FJAP
PRICELIST,14001M,PRODUCT DESCRIPTION 1657,8O,67,EA,30216,311217,1,20.899,,RAIN,,AWAIT CATEGORY,M,FJAP
PRICELIST,14002L,PRODUCT DESCRIPTION 1658,8O,67,EA,30216,311217,1,21.899,,RAIN,,AWAIT CATEGORY,M,FJAP
PRICELIST,14003XL,PRODUCT DESCRIPTION 1659,8A,67,PR,30216,311217,1,20.900,,RAIN,,AWAIT CATEGORY,M,FJOW
PRICELIST,14004XXL,PRODUCT DESCRIPTION 1660,8A,67,PR,30216,311217,1,21.900,,RAIN,,AWAIT CATEGORY,M,FJOW
PRICELIST,14005S,PRODUCT DESCRIPTION 1661,8Q,67,PR,30216,311217,1,20.901,,RAIN,,AWAIT CATEGORY,M,FJAP
PRICELIST,14006M,PRODUCT DESCRIPTION 1662,8Q,67,PR,30216,311217,1,21.901,,RAIN,,AWAIT CATEGORY,M,FJAP
PRICELIST,14007L,PRODUCT DESCRIPTION 1663,9O,60,PR,30216,311217,1,20.902,,SHOE,,AWAIT CATEGORY,M,FJ1
PRICELIST,14008XL,PRODUCT DESCRIPTION 1664,9M,60,PR,30216,311217,1,21.902,,SHOE,,AWAIT CATEGORY,M,FJ1
PRICELIST,14009XXL,PRODUCT DESCRIPTION 1665,9K,60,PR,30216,311217,1,20.903,,SHOE,,AWAIT CATEGORY,M,FJ1
PRICELIST,14010S,PRODUCT DESCRIPTION 1666,20,20,EA,30216,311217,1,21.903,,,,AWAIT CATEGORY,M,TIRN
PRICELIST,14011M,PRODUCT DESCRIPTION 1667,95,70,SIX,30216,311217,1,20.904,,,,AWAIT CATEGORY,M,SCK1
PRICELIST,14012L,PRODUCT DESCRIPTION 1668,8O,67,EA,30216,311217,1,21.904,,RAIN,,AWAIT CATEGORY,M,FJAP
PRICELIST,14013XL,PRODUCT DESCRIPTION 1669,8O,67,EA,30216,311217,1,20.905,,RAIN,,AWAIT CATEGORY,M,FJAP
PRICELIST,14014XXL,PRODUCT DESCRIPTION 1670,8C,67,EA,30216,311217,1,21.905,,RAIN,,AWAIT CATEGORY,M,FJOW
PRICELIST,14015S,PRODUCT DESCRIPTION 1671,20,20,EA,30216,311217,1,20.906,,,,AWAIT CATEGORY,M,TIRN
PRICELIST,14016M,PRODUCT DESCRIPTION 1672,20,20,EA,30216,311217,1,21.906,,,,AWAIT CATEGORY,M,TIRN
PRICELIST,14017L,PRODUCT DESCRIPTION 1673,9J,60,PR,30216,311217,1,20.907,,SHOE,,AWAIT CATEGORY,M,FJ1
PRICELIST,14018XL,PRODUCT DESCRIPTION 1674,20,20,EA,30216,311217,1,21.907,,,,AWAIT CATEGORY,M,TIRN
PRICELIST,14019XXL,PRODUCT DESCRIPTION 1675,20,20,EA,30216,311217,1,20.908,,,,AWAIT CATEGORY,M,TIRN
PRICELIST,14020S,PRODUCT DESCRIPTION 1676,8O,67,EA,30216,311217,1,21.908,,RAIN,,AWAIT CATEGORY,M,FJAP
PRICELIST,14021M,PRODUCT DESCRIPTION 1677,8B,67,EA,30216,311217,1,20.909,,RAIN,,AWAIT CATEGORY,M,FJOW
PRICELIST,14022L,PRODUCT DESCRIPTION 1678,8Q,67,PR,30216,311217,1,21.909,,RAIN,,AWAIT CATEGORY,M,FJAP
PRICELIST,14023XL,PRODUCT DESCRIPTION 1679,20,20,EA,30216,311217,1,20.910,,,,AWAIT CATEGORY,M,TIRN
PRICELIST,14024XXL,PRODUCT DESCRIPTION 1680,8B,67,EA,30216,311217,1,21.910,,RAIN,,AWAIT CATEGORY,M,FJOW
PRICELIST,14025S,PRODUCT DESCRIPTION 1681,20,20,EA,30216,311217,1,20.911,,,,AWAIT CATEGORY,M,TIRN
PRICELIST,14026M,PRODUCT DESCRIPTION 1682,98,80,PK,30216,311217,1,21.911,,FACC,,DJ BUCKET HATS,C,FJAC
PRICELIST,14027L,PRODUCT DESCRIPTION 1683,2B,20,EA,30216,311217,1,20.912,,,,AWAIT CATEGORY,C,TIRN
PRICELIST,14028XL,PRODUCT DESCRIPTION 1684,2B,20,EA,30216,311217,1,21.912,,,,AWAIT CATEGORY,C,TIRN
PRICELIST,14029XXL,PRODUCT DESCRIPTION 1685,2B,20,EA,30216,311217,1,20.913,,,,AWAIT CATEGORY,C,TIRN
PRICELIST,14030S,PRODUCT DESCRIPTION 1686,2B,20,EA,30216,311217,1,21.913,,,,VOKEY C/C,C,TIRN
PRICELIST,14031M,PRODUCT DESCRIPTION 1687,2B,20,EA,30216,311217,1,20.914,,,,AWAIT CATEGORY,C,TIRN
PRICELIST,14032L,PRODUCT DESCRIPTION 1688,2B,20,EA,30216,311217,1,21.914,,,,VOKEY C/C,C,TIRN
PRICELIST,14033XL,PRODUCT DESCRIPTION 1689,8B,67,EA,30216,311217,1,20.915,,RAIN,,AWAIT CATEGORY,M,FJOW
PRICELIST,14034XXL,PRODUCT DESCRIPTION 1690,9C,60,PR,30216,311217,1,21.915,,SHOE,,AWAIT CATEGORY,M,FJ1
PRICELIST,14035S,PRODUCT DESCRIPTION 1691,20,20,EA,30216,311217,1,20.916,,,,VOKEY LTD ED,C,TIRN
PRICELIST,14036M,PRODUCT DESCRIPTION 1692,2B,20,EA,30216,311217,1,21.916,,,,VOKEY C/C,C,TIRN
PRICELIST,14037L,PRODUCT DESCRIPTION 1693,89,60,PR,30216,311217,1,20.917,,SHOE,,MYJOYS,M,NSDS
PRICELIST,14038XL,PRODUCT DESCRIPTION 1694,89,60,PR,30216,311217,1,21.917,,,,MYJOYS,C,NSDS
PRICELIST,14039XXL,PRODUCT DESCRIPTION 1695,20,20,EA,30216,311217,1,20.918,,,,AWAIT CATEGORY,C,TIRN
PRICELIST,14040S,PRODUCT DESCRIPTION 1696,20,20,EA,30216,311217,1,21.918,,,,AWAIT CATEGORY,C,TIRN
PRICELIST,14041M,PRODUCT DESCRIPTION 1697,2B,20,EA,30216,311217,1,20.919,,,,VOKEY C/C,C,TIRN
PRICELIST,14042L,PRODUCT DESCRIPTION 1698,2B,20,EA,30216,311217,1,21.919,,,,VOKEY C/C,C,TIRN
PRICELIST,14043XL,PRODUCT DESCRIPTION 1699,21,20,EA,30216,311217,1,20.920,,,,910D2/D3,M,TMET
PRICELIST,14044XXL,PRODUCT DESCRIPTION 1700,2K,20,EA,30216,311217,1,21.920,,,,CHARGE,C,NODS
PRICELIST,14045S,PRODUCT DESCRIPTION 1701,18,20,ST,30216,311217,1,20.921,,,,AWAIT CATEGORY,M,TIRN
PRICELIST,14046M,PRODUCT DESCRIPTION 1702,18,20,ST,30216,311217,1,21.921,,,,AWAIT CATEGORY,M,TIRN
PRICELIST,14047L,PRODUCT DESCRIPTION 1703,18,20,ST,30216,311217,1,20.922,,,,AWAIT CATEGORY,M,TIRN
PRICELIST,14048XL,PRODUCT DESCRIPTION 1704,18,20,ST,30216,311217,1,21.922,,,,AWAIT CATEGORY,M,TIRN
PRICELIST,14049XXL,PRODUCT DESCRIPTION 1705,18,20,ST,30216,311217,1,20.923,,,,AWAIT CATEGORY,M,TIRN
PRICELIST,14050S,PRODUCT DESCRIPTION 1706,18,20,ST,30216,311217,1,21.923,,,,AWAIT CATEGORY,M,TIRN
PRICELIST,14051M,PRODUCT DESCRIPTION 1707,HA,40,EA,30216,311217,1,20.924,,FGLV,,STASOF,C,FGLV
PRICELIST,14052L,PRODUCT DESCRIPTION 1708,97,70,PK,30216,311217,1,21.924,,,,AWAIT CATEGORY,C,SCK1
PRICELIST,14053XL,PRODUCT DESCRIPTION 1709,97,70,PK,30216,311217,1,20.925,,,,AWAIT CATEGORY,C,SCK1
PRICELIST,14054XXL,PRODUCT DESCRIPTION 1710,98,80,EA,30216,311217,1,21.925,,FACC,,DJ BUCKET HATS,M,FJAC
PRICELIST,14055S,PRODUCT DESCRIPTION 1711,2U,20,EA,30216,311217,1,20.926,,,,AWAIT CATEGORY,C,TPUT
PRICELIST,14056M,PRODUCT DESCRIPTION 1712,2Z,20,EA,30216,311217,1,21.926,,,,AWAIT CATEGORY,M,TPUT
PRICELIST,14057L,PRODUCT DESCRIPTION 1713,2X,20,EA,30216,311217,1,20.927,,,,AWAIT CATEGORY,M,TPUT
PRICELIST,14058XL,PRODUCT DESCRIPTION 1714,2Z,20,EA,30216,311217,1,21.927,,,,AWAIT CATEGORY,M,TPUT
PRICELIST,14059XXL,PRODUCT DESCRIPTION 1715,2X,20,EA,30216,311217,1,20.928,,,,AWAIT CATEGORY,M,TPUT
PRICELIST,14060S,PRODUCT DESCRIPTION 1716,2X,20,EA,30216,311217,1,21.928,,,,AWAIT CATEGORY,M,TPUT
PRICELIST,14061M,PRODUCT DESCRIPTION 1717,84,55,EA,30216,311217,1,20.929,,,,AWAIT CATEGORY,M,TBAG
PRICELIST,14062L,PRODUCT DESCRIPTION 1718,84,55,EA,30216,311217,1,21.929,,,,AWAIT CATEGORY,M,TBAG
PRICELIST,14063XL,PRODUCT DESCRIPTION 1719,16,10,PK,30216,311217,1,20.930,,,,AWAIT CATEGORY,M,GB1
PRICELIST,14064XXL,PRODUCT DESCRIPTION 1720,85,50,DZ,30216,311217,1,21.930,,,,AWAIT CATEGORY,M,TACC
PRICELIST,14065S,PRODUCT DESCRIPTION 1721,85,50,DZ,30216,311217,1,20.931,,,,AWAIT CATEGORY,M,TACC
PRICELIST,14066M,PRODUCT DESCRIPTION 1722,85,50,DZ,30216,311217,1,21.931,,,,AWAIT CATEGORY,M,TACC
PRICELIST,14067L,PRODUCT DESCRIPTION 1723,85,50,DZ,30216,311217,1,20.932,,,,AWAIT CATEGORY,M,TACC
PRICELIST,14068XL,PRODUCT DESCRIPTION 1724,85,50,DZ,30216,311217,1,21.932,,,,BALL MARKER ADJ,M,TACC
PRICELIST,14069XXL,PRODUCT DESCRIPTION 1725,85,50,DZ,30216,311217,1,20.933,,,,AWAIT CATEGORY,M,TACC
PRICELIST,14070S,PRODUCT DESCRIPTION 1726,84,55,EA,30216,311217,1,21.933,,TBAG,,AWAIT CATEGORY,M,TBAG
PRICELIST,14071M,PRODUCT DESCRIPTION 1727,85,50,DZ,30216,311217,1,20.934,,,,AWAIT CATEGORY,M,TACC
PRICELIST,14072L,PRODUCT DESCRIPTION 1728,85,50,DZ,30216,311217,1,21.934,,,,AWAIT CATEGORY,M,TACC
PRICELIST,14073XL,PRODUCT DESCRIPTION 1729,84,55,EA,30216,311217,1,20.935,,,,AWAIT CATEGORY,M,TBAG
PRICELIST,14074XXL,PRODUCT DESCRIPTION 1730,84,55,EA,30216,311217,1,21.935,,TBAG,,T.CART BAG,M,TBAG
PRICELIST,14075S,PRODUCT DESCRIPTION 1731,85,50,DZ,30216,311217,1,20.936,,,,AWAIT CATEGORY,M,TACC
PRICELIST,14076M,PRODUCT DESCRIPTION 1732,84,55,EA,30216,311217,1,21.936,,,,T.CART BAG,M,TBAG
PRICELIST,14077L,PRODUCT DESCRIPTION 1733,84,55,EA,30216,311217,1,20.937,,TBAG,,AWAIT CATEGORY,M,TBAG
PRICELIST,14078XL,PRODUCT DESCRIPTION 1734,84,55,EA,30216,311217,1,21.937,,,,AWAIT CATEGORY,M,TBAG
PRICELIST,14079XXL,PRODUCT DESCRIPTION 1735,85,50,DZ,30216,311217,1,20.938,,TACC,,AWAIT CATEGORY,M,TACC
PRICELIST,14080S,PRODUCT DESCRIPTION 1736,84,55,EA,30216,311217,1,21.938,,,,AWAIT CATEGORY,M,TBAG
PRICELIST,14081M,PRODUCT DESCRIPTION 1737,16,10,PK,30216,311217,1,20.939,,,,AWAIT CATEGORY,M,PINN
PRICELIST,14082L,PRODUCT DESCRIPTION 1738,85,50,SIX,30216,311217,1,21.939,,,,AWAIT CATEGORY,M,TACC
PRICELIST,14083XL,PRODUCT DESCRIPTION 1739,84,55,EA,30216,311217,1,20.940,,TBAG,,AWAIT CATEGORY,M,TBAG
PRICELIST,14084XXL,PRODUCT DESCRIPTION 1740,84,55,EA,30216,311217,1,21.940,,TBAG,,AWAIT CATEGORY,M,TBAG
PRICELIST,14085S,PRODUCT DESCRIPTION 1741,11,10,DZ,30216,311217,1,20.941,,LOGO,,AWAIT CATEGORY,M,GB1
PRICELIST,14086M,PRODUCT DESCRIPTION 1742,10,10,DZ,30216,311217,1,21.941,,,,AWAIT CATEGORY,M,GB1
PRICELIST,14087L,PRODUCT DESCRIPTION 1743,10,10,DZ,30216,311217,1,20.942,,,,AWAIT CATEGORY,M,GB1
PRICELIST,14088XL,PRODUCT DESCRIPTION 1744,85,50,PR,30216,311217,1,21.942,,TACC,,AWAIT CATEGORY,M,TACC
PRICELIST,14089XXL,PRODUCT DESCRIPTION 1745,11,10,DZ,30216,311217,1,20.943,,LOGO,,AWAIT CATEGORY,M,GB1
PRICELIST,14090S,PRODUCT DESCRIPTION 1746,10,10,DZ,30216,311217,1,21.943,,,,AWAIT CATEGORY,M,GB1
PRICELIST,14091M,PRODUCT DESCRIPTION 1747,17,10,PK,30216,311217,1,20.944,,BALL,,AWAIT CATEGORY,M,PINN
PRICELIST,14092L,PRODUCT DESCRIPTION 1748,10,10,SIX,30216,311217,1,21.944,,BALL,,AWAIT CATEGORY,M,GB1
PRICELIST,14093XL,PRODUCT DESCRIPTION 1749,11,10,DZ,30216,311217,1,20.945,,LOGO,,AWAIT CATEGORY,M,GB1
PRICELIST,14094XXL,PRODUCT DESCRIPTION 1750,16,10,PK,30216,311217,1,21.945,,,,AWAIT CATEGORY,M,GB1
PRICELIST,14095S,PRODUCT DESCRIPTION 1751,10,10,DZ,30216,311217,1,20.946,,,,AWAIT CATEGORY,M,GB1
PRICELIST,14096M,PRODUCT DESCRIPTION 1752,85,50,EA,30216,311217,1,21.946,,,,AWAIT CATEGORY,M,TACC
PRICELIST,14097L,PRODUCT DESCRIPTION 1753,85,50,EA,30216,311217,1,20.947,,,,AWAIT CATEGORY,C,TACC
PRICELIST,14098XL,PRODUCT DESCRIPTION 1754,85,50,EA,30216,311217,1,21.947,,,,AWAIT CATEGORY,M,TACC
PRICELIST,14099XXL,PRODUCT DESCRIPTION 1755,85,50,EA,30216,311217,1,20.948,,,,AWAIT CATEGORY,M,TACC
PRICELIST,14100S,PRODUCT DESCRIPTION 1756,85,50,EA,30216,311217,1,21.948,,,,AWAIT CATEGORY,M,TACC
PRICELIST,14101M,PRODUCT DESCRIPTION 1757,85,50,EA,30216,311217,1,20.949,,,,AWAIT CATEGORY,M,TACC
PRICELIST,14102L,PRODUCT DESCRIPTION 1758,85,50,EA,30216,311217,1,21.949,,,,AWAIT CATEGORY,M,TACC
PRICELIST,14103XL,PRODUCT DESCRIPTION 1759,15,10,PK,30216,311217,1,20.950,,BALL,,AWAIT CATEGORY,M,PINN
PRICELIST,14104XXL,PRODUCT DESCRIPTION 1760,15,10,PK,30216,311217,1,21.950,,LOGO,,AWAIT CATEGORY,M,PINN
PRICELIST,14105S,PRODUCT DESCRIPTION 1761,85,50,EA,30216,311217,1,20.951,,,,AWAIT CATEGORY,M,TACC
PRICELIST,14106M,PRODUCT DESCRIPTION 1762,85,50,EA,30216,311217,1,21.951,,,,AWAIT CATEGORY,M,TACC
PRICELIST,14107L,PRODUCT DESCRIPTION 1763,85,50,EA,30216,311217,1,20.952,,,,AWAIT CATEGORY,M,TACC
PRICELIST,14108XL,PRODUCT DESCRIPTION 1764,85,50,EA,30216,311217,1,21.952,,TACC,,AWAIT CATEGORY,M,TACC
PRICELIST,14109XXL,PRODUCT DESCRIPTION 1765,10,10,PK,30216,311217,1,20.953,,BALL,,AWAIT CATEGORY,M,GB1
PRICELIST,14110S,PRODUCT DESCRIPTION 1766,06,40,EA,30216,311217,1,21.953,,FGLV,,STASOF,M,FGLV
PRICELIST,14111M,PRODUCT DESCRIPTION 1767,12,10,DZ,30216,311217,1,20.954,,,,AWAIT CATEGORY,M,NODS
PRICELIST,14112L,PRODUCT DESCRIPTION 1768,9P,60,PR,30216,311217,1,21.954,,,,AWAIT CATEGORY,M,FJ1
PRICELIST,14113XL,PRODUCT DESCRIPTION 1769,8M,67,EA,30216,311217,1,20.955,,RAIN,,FJ SRT SH S/S,M,FJAP
PRICELIST,14114XXL,PRODUCT DESCRIPTION 1770,8M,67,EA,30216,311217,1,21.955,,RAIN,,AWAIT CATEGORY,M,FJAP
PRICELIST,14115S,PRODUCT DESCRIPTION 1771,8D,67,EA,30216,311217,1,20.956,,RAIN,,AWAIT CATEGORY,C,FJOW
PRICELIST,14116M,PRODUCT DESCRIPTION 1772,8M,67,EA,30216,311217,1,21.956,,RAIN,,FJ SRT SH S/S,M,FJAP
PRICELIST,14117L,PRODUCT DESCRIPTION 1773,8M,67,EA,30216,311217,1,20.957,,RAIN,,AWAIT CATEGORY,M,FJAP
PRICELIST,14118XL,PRODUCT DESCRIPTION 1774,8M,67,EA,30216,311217,1,21.957,,RAIN,,AWAIT CATEGORY,M,FJAP
PRICELIST,14119XXL,PRODUCT DESCRIPTION 1775,8M,67,EA,30216,311217,1,20.958,,RAIN,,AWAIT CATEGORY,M,FJAP
PRICELIST,14120S,PRODUCT DESCRIPTION 1776,8M,67,EA,30216,311217,1,21.958,,RAIN,,FJ SRT SH S/S,M,FJAP
PRICELIST,14121M,PRODUCT DESCRIPTION 1777,8M,67,EA,30216,311217,1,20.959,,RAIN,,FJ SRT SH S/S,M,FJAP
PRICELIST,14122L,PRODUCT DESCRIPTION 1778,8D,67,EA,30216,311217,1,21.959,,RAIN,,AWAIT CATEGORY,M,FJOW
PRICELIST,14123XL,PRODUCT DESCRIPTION 1779,9P,60,PR,30216,311217,1,20.960,,SHOE,,AWAIT CATEGORY,M,FJ1
PRICELIST,14124XXL,PRODUCT DESCRIPTION 1780,98,80,EA,30216,311217,1,21.960,,FACC,,AWAIT CATEGORY,M,FJAC
PRICELIST,14125S,PRODUCT DESCRIPTION 1781,8N,67,EA,30216,311217,1,20.961,,RAIN,,FJ PERF SH L/S,M,FJAP
PRICELIST,14126M,PRODUCT DESCRIPTION 1782,9P,60,PR,30216,311217,1,21.961,,SHOE,,AWAIT CATEGORY,M,FJ1
PRICELIST,14127L,PRODUCT DESCRIPTION 1783,8D,67,EA,30216,311217,1,20.962,,RAIN,,AWAIT CATEGORY,M,FJOW
PRICELIST,14128XL,PRODUCT DESCRIPTION 1784,8Q,67,PR,30216,311217,1,21.962,,RAIN,,AWAIT CATEGORY,M,FJAP
PRICELIST,14129XXL,PRODUCT DESCRIPTION 1785,9L,60,PR,30216,311217,1,20.963,,SHOE,,AWAIT CATEGORY,M,FJ1
PRICELIST,14130S,PRODUCT DESCRIPTION 1786,9O,60,PR,30216,311217,1,21.963,,SHOE,,AWAIT CATEGORY,M,FJ1
PRICELIST,14131M,PRODUCT DESCRIPTION 1787,9U,60,PR,30216,311217,1,20.964,,SHOE,,AWAIT CATEGORY,M,FJ1
PRICELIST,14132L,PRODUCT DESCRIPTION 1788,9U,60,PR,30216,311217,1,21.964,,SHOE,,FJ STREET,M,FJ1
PRICELIST,14133XL,PRODUCT DESCRIPTION 1789,9K,60,PR,30216,311217,1,20.965,,SHOE,,AWAIT CATEGORY,M,FJ1
PRICELIST,14134XXL,PRODUCT DESCRIPTION 1790,8O,67,EA,30216,311217,1,21.965,,RAIN,,AWAIT CATEGORY,M,FJAP
PRICELIST,14135S,PRODUCT DESCRIPTION 1791,9U,60,PR,30216,311217,1,20.966,,SHOE,,AWAIT CATEGORY,M,FJ1
PRICELIST,14136M,PRODUCT DESCRIPTION 1792,9T,60,PR,30216,311217,1,21.966,,SHOE,,AWAIT CATEGORY,M,FJ1
PRICELIST,14137L,PRODUCT DESCRIPTION 1793,8Q,67,PR,30216,311217,1,20.967,,RAIN,,AWAIT CATEGORY,M,FJAP
PRICELIST,14138XL,PRODUCT DESCRIPTION 1794,9S,60,PR,30216,311217,1,21.967,,SHOE,,AWAIT CATEGORY,M,FJ1
PRICELIST,14139XXL,PRODUCT DESCRIPTION 1795,9S,60,PR,30216,311217,1,20.968,,SHOE,,AWAIT CATEGORY,M,FJ1
PRICELIST,14140S,PRODUCT DESCRIPTION 1796,97,70,DZ,30216,311217,1,21.968,,SOCK,,AWAIT CATEGORY,M,SCK1
PRICELIST,14141M,PRODUCT DESCRIPTION 1797,9S,60,PR,30216,311217,1,20.969,,SHOE,,AWAIT CATEGORY,M,FJ1
PRICELIST,14142L,PRODUCT DESCRIPTION 1798,8C,67,EA,30216,311217,1,21.969,,RAIN,,AWAIT CATEGORY,M,FJOW
PRICELIST,14143XL,PRODUCT DESCRIPTION 1799,9J,60,PR,30216,311217,1,20.970,,SHOE,,AWAIT CATEGORY,M,FJ1
PRICELIST,14144XXL,PRODUCT DESCRIPTION 1800,89,60,PR,30216,311217,1,21.970,,SHOE,,MYJOYS,M,NSDS
PRICELIST,14145S,PRODUCT DESCRIPTION 1801,89,60,PR,30216,311217,1,20.971,,SHOE,,MYJOYS,M,NSDS
PRICELIST,14146M,PRODUCT DESCRIPTION 1802,89,60,PR,30216,311217,1,21.971,,SHOE,,MYJOYS,M,NSDS
PRICELIST,14147L,PRODUCT DESCRIPTION 1803,9H,60,PR,30216,311217,1,20.972,,SHOE,,AWAIT CATEGORY,M,FJ1
PRICELIST,14148XL,PRODUCT DESCRIPTION 1804,9J,60,PR,30216,311217,1,21.972,,SHOE,,AWAIT CATEGORY,M,FJ1
PRICELIST,14149XXL,PRODUCT DESCRIPTION 1805,89,60,PR,30216,311217,1,20.973,,SHOE,,MYJOYS,M,NSDS
PRICELIST,14150S,PRODUCT DESCRIPTION 1806,8C,67,EA,30216,311217,1,21.973,,RAIN,,AWAIT CATEGORY,M,FJOW
PRICELIST,14151M,PRODUCT DESCRIPTION 1807,9H,60,PR,30216,311217,1,20.974,,SHOE,,AWAIT CATEGORY,M,FJ1
PRICELIST,14152L,PRODUCT DESCRIPTION 1808,9H,60,PR,30216,311217,1,21.974,,,,AWAIT CATEGORY,M,FJ1
PRICELIST,14153XL,PRODUCT DESCRIPTION 1809,89,60,PR,30216,311217,1,20.975,,SHOE,,MYJOYS,M,NSDS
PRICELIST,14154S,PRODUCT DESCRIPTION 1810,9B,60,PR,30216,311217,1,21.975,,SHOE,,AWAIT CATEGORY,M,FJ1
PRICELIST,14155M,PRODUCT DESCRIPTION 1811,9B,60,PR,30216,311217,1,20.976,,SHOE,,AWAIT CATEGORY,M,FJ1
PRICELIST,14156L,PRODUCT DESCRIPTION 1812,97,70,PK,30216,311217,1,21.976,,SOCK,,AWAIT CATEGORY,M,SCK1
PRICELIST,14157XL,PRODUCT DESCRIPTION 1813,9S,60,PR,30216,311217,1,20.977,,,,AWAIT CATEGORY,M,FJ1
PRICELIST,14158XXL,PRODUCT DESCRIPTION 1814,9S,60,PR,30216,311217,1,21.977,,,,AWAIT CATEGORY,M,FJ1
PRICELIST,14159S,PRODUCT DESCRIPTION 1815,9S,60,PR,30216,311217,1,20.978,,,,AWAIT CATEGORY,M,FJ1
PRICELIST,14160M,PRODUCT DESCRIPTION 1816,9K,60,PR,30216,311217,1,21.978,,,,AWAIT CATEGORY,M,FJ1
PRICELIST,14161L,PRODUCT DESCRIPTION 1817,9K,60,PR,30216,311217,1,20.979,,SHOE,,AWAIT CATEGORY,M,FJ1
PRICELIST,14162XL,PRODUCT DESCRIPTION 1818,9J,60,PR,30216,311217,1,21.979,,,,AWAIT CATEGORY,M,FJ1
PRICELIST,14163XXL,PRODUCT DESCRIPTION 1819,9B,60,PR,30216,311217,1,20.980,,SHOE,,AWAIT CATEGORY,C,FJ1
PRICELIST,14164S,PRODUCT DESCRIPTION 1820,9B,60,PR,30216,311217,1,21.980,,,,AWAIT CATEGORY,M,FJ1
PRICELIST,14165M,PRODUCT DESCRIPTION 1821,99,99,EA,30216,311217,1,20.981,,,N,POS,M,NFDS
PRICELIST,14166L,PRODUCT DESCRIPTION 1822,98,80,EA,30216,311217,1,21.981,,FACC,N,FJ SHOE CASE,C,FJ1
PRICELIST,14167XL,PRODUCT DESCRIPTION 1823,95,70,SIX,30216,311217,1,20.982,,SOCK,,AWAIT CATEGORY,M,SCK1
PRICELIST,14168XXL,PRODUCT DESCRIPTION 1824,87,99,EA,30216,311217,1,21.982,,,N,AWAIT CATEGORY,M,NADS
PRICELIST,14169S,PRODUCT DESCRIPTION 1825,87,99,EA,30216,311217,1,20.983,,,N,AWAIT CATEGORY,M,NADS
PRICELIST,14170M,PRODUCT DESCRIPTION 1826,85,50,EA,30216,311217,1,21.983,,TACC,N,WINTER HAT,M,TACC
PRICELIST,14171L,PRODUCT DESCRIPTION 1827,85,20,EA,30216,311217,1,20.984,,,,WRENCH,M,TACC
PRICELIST,14172XL,PRODUCT DESCRIPTION 1828,4F,40,EA,30216,311217,1,21.984,,,,AWAIT CATEGORY,M,FGLV
PRICELIST,14173XXL,PRODUCT DESCRIPTION 1829,9L,60,PR,30216,311217,1,20.985,,SHOE,,AWAIT CATEGORY,M,FJ1
PRICELIST,14174S,PRODUCT DESCRIPTION 1830,9S,60,PR,30216,311217,1,21.985,,,,AWAIT CATEGORY,M,FJ1
PRICELIST,14175M,PRODUCT DESCRIPTION 1831,12,10,DZ,30216,311217,1,20.986,,,,AWAIT CATEGORY,C,NODS
PRICELIST,14176L,PRODUCT DESCRIPTION 1832,11,10,DZ,30216,311217,1,21.986,,,,AWAIT CATEGORY,C,NODS
PRICELIST,14177XL,PRODUCT DESCRIPTION 1833,11,10,DZ,30216,311217,1,20.987,,,,AWAIT CATEGORY,C,NODS
PRICELIST,14178XXL,PRODUCT DESCRIPTION 1834,97,70,PK,30216,311217,1,21.987,,,,AWAIT CATEGORY,M,SCK1
PRICELIST,14179S,PRODUCT DESCRIPTION 1835,12,10,DZ,30216,311217,1,20.988,,,,AWAIT CATEGORY,C,NODS
PRICELIST,14180M,PRODUCT DESCRIPTION 1836,06,40,EA,30216,311217,1,21.988,,,,AWAIT CATEGORY,M,FGLV
PRICELIST,14181L,PRODUCT DESCRIPTION 1837,4E,40,EA,30216,311217,1,20.989,,,,AWAIT CATEGORY,M,FGLV
PRICELIST,14182XL,PRODUCT DESCRIPTION 1838,4E,40,EA,30216,311217,1,21.989,,,,AWAIT CATEGORY,M,FGLV
PRICELIST,14183XXL,PRODUCT DESCRIPTION 1839,4E,40,EA,30216,311217,1,20.990,,,,AWAIT CATEGORY,M,FGLV
PRICELIST,14184S,PRODUCT DESCRIPTION 1840,4E,40,EA,30216,311217,1,21.990,,,,AWAIT CATEGORY,M,FGLV
PRICELIST,14185M,PRODUCT DESCRIPTION 1841,4E,40,EA,30216,311217,1,20.991,,,,AWAIT CATEGORY,M,FGLV
PRICELIST,14186L,PRODUCT DESCRIPTION 1842,4E,40,EA,30216,311217,1,21.991,,,,AWAIT CATEGORY,M,FGLV
PRICELIST,14187XL,PRODUCT DESCRIPTION 1843,4E,40,EA,30216,311217,1,20.992,,,,AWAIT CATEGORY,M,FGLV
PRICELIST,14188XXL,PRODUCT DESCRIPTION 1844,4E,40,EA,30216,311217,1,21.992,,,,AWAIT CATEGORY,M,FGLV
PRICELIST,14189S,PRODUCT DESCRIPTION 1845,4E,40,EA,30216,311217,1,20.993,,,,AWAIT CATEGORY,M,FGLV
PRICELIST,14190M,PRODUCT DESCRIPTION 1846,4K,40,EA,30216,311217,1,21.993,,,,AWAIT CATEGORY,M,FGLV
PRICELIST,14191L,PRODUCT DESCRIPTION 1847,4V,40,EA,30216,311217,1,20.994,,,,CABRETTASOF,C,FGLV
PRICELIST,14192XL,PRODUCT DESCRIPTION 1848,06,40,EA,30216,311217,1,21.994,,,,AWAIT CATEGORY,M,FGLV
PRICELIST,14193XXL,PRODUCT DESCRIPTION 1849,06,40,EA,30216,311217,1,20.995,,,,AWAIT CATEGORY,M,FGLV
PRICELIST,14194S,PRODUCT DESCRIPTION 1850,06,40,EA,30216,311217,1,21.995,,,,AWAIT CATEGORY,M,FGLV
PRICELIST,14195M,PRODUCT DESCRIPTION 1851,98,80,PK,30216,311217,1,20.996,,,,AWAIT CATEGORY,M,FJAC
PRICELIST,14196L,PRODUCT DESCRIPTION 1852,HB,40,EA,30216,311217,1,21.996,,,,AWAIT CATEGORY,C,FGLV
PRICELIST,14197XL,PRODUCT DESCRIPTION 1853,HB,40,EA,30216,311217,1,20.997,,,,AWAIT CATEGORY,C,FGLV
PRICELIST,14198XXL,PRODUCT DESCRIPTION 1854,HB,40,EA,30216,311217,1,21.997,,,,AWAIT CATEGORY,C,FGLV
PRICELIST,14199S,PRODUCT DESCRIPTION 1855,4C,40,EA,30216,311217,1,20.998,,,,AWAIT CATEGORY,M,FGLV
PRICELIST,14200M,PRODUCT DESCRIPTION 1856,4C,40,EA,30216,311217,1,21.998,,,,AWAIT CATEGORY,M,FGLV
PRICELIST,14201L,PRODUCT DESCRIPTION 1857,4C,40,EA,30216,311217,1,20.999,,,,AWAIT CATEGORY,M,FGLV
PRICELIST,14202XL,PRODUCT DESCRIPTION 1858,4F,40,PK,30216,311217,1,21.999,,,,AWAIT CATEGORY,M,FGLV
PRICELIST,14203XXL,PRODUCT DESCRIPTION 1859,4F,40,PK,30216,311217,1,20.1000,,,,AWAIT CATEGORY,M,FGLV
PRICELIST,14204S,PRODUCT DESCRIPTION 1860,2K,20,EA,30216,311217,1,21.1000,,,,AWAIT CATEGORY,C,NODS
PRICELIST,14205M,PRODUCT DESCRIPTION 1861,2K,20,EA,30216,311217,1,20.1001,,,,BAND S1,C,NODS
PRICELIST,14206L,PRODUCT DESCRIPTION 1862,4J,40,PR,30216,311217,1,21.1001,,,,CABRETTASOF,M,FGLV
PRICELIST,14207XL,PRODUCT DESCRIPTION 1863,4J,40,PR,30216,311217,1,20.1002,,,,CABRETTASOF,M,FGLV
PRICELIST,14208XXL,PRODUCT DESCRIPTION 1864,2K,20,EA,30216,311217,1,21.1002,,,,AWAIT CATEGORY,C,NODS
PRICELIST,14209S,PRODUCT DESCRIPTION 1865,2K,20,EA,30216,311217,1,20.1003,,,,BAND S1,C,NODS
PRICELIST,14210M,PRODUCT DESCRIPTION 1866,2K,20,EA,30216,311217,1,21.1003,,,,AWAIT CATEGORY,C,NODS
PRICELIST,14211L,PRODUCT DESCRIPTION 1867,8M,67,EA,30216,311217,1,20.1004,,,,AWAIT CATEGORY,M,FJAP
PRICELIST,14212XL,PRODUCT DESCRIPTION 1868,8M,67,EA,30216,311217,1,21.1004,,,,AWAIT CATEGORY,M,FJAP
PRICELIST,14213XXL,PRODUCT DESCRIPTION 1869,8M,67,EA,30216,311217,1,20.1005,,,,AWAIT CATEGORY,M,FJAP
PRICELIST,14214S,PRODUCT DESCRIPTION 1870,8M,67,EA,30216,311217,1,21.1005,,,,AWAIT CATEGORY,M,FJAP
PRICELIST,14215M,PRODUCT DESCRIPTION 1871,8M,67,EA,30216,311217,1,20.1006,,,,AWAIT CATEGORY,M,FJAP
PRICELIST,14216L,PRODUCT DESCRIPTION 1872,8M,67,EA,30216,311217,1,21.1006,,,,AWAIT CATEGORY,M,FJAP
PRICELIST,14217XL,PRODUCT DESCRIPTION 1873,8M,67,EA,30216,311217,1,20.1007,,,,AWAIT CATEGORY,M,FJAP
PRICELIST,14218XXL,PRODUCT DESCRIPTION 1874,8M,67,EA,30216,311217,1,21.1007,,,,AWAIT CATEGORY,M,FJAP
PRICELIST,14219S,PRODUCT DESCRIPTION 1875,8M,67,EA,30216,311217,1,20.1008,,,,AWAIT CATEGORY,M,FJAP
PRICELIST,14220M,PRODUCT DESCRIPTION 1876,8M,67,EA,30216,311217,1,21.1008,,,,AWAIT CATEGORY,M,FJAP
PRICELIST,14221L,PRODUCT DESCRIPTION 1877,96,70,SIX,30216,311217,1,20.1009,,,,AWAIT CATEGORY,M,SCK1
PRICELIST,14222XL,PRODUCT DESCRIPTION 1878,96,70,SIX,30216,311217,1,21.1009,,,,AWAIT CATEGORY,M,SCK1
PRICELIST,14223XXL,PRODUCT DESCRIPTION 1879,96,70,SIX,30216,311217,1,20.1010,,,,AWAIT CATEGORY,M,SCK1
PRICELIST,14224S,PRODUCT DESCRIPTION 1880,96,70,SIX,30216,311217,1,21.1010,,,,AWAIT CATEGORY,M,SCK1
PRICELIST,14225M,PRODUCT DESCRIPTION 1881,96,70,SIX,30216,311217,1,20.1011,,,,AWAIT CATEGORY,M,SCK1
PRICELIST,14226L,PRODUCT DESCRIPTION 1882,96,70,SIX,30216,311217,1,21.1011,,,,AWAIT CATEGORY,M,SCK1
PRICELIST,14227XL,PRODUCT DESCRIPTION 1883,96,70,SIX,30216,311217,1,20.1012,,,,AWAIT CATEGORY,M,SCK1
PRICELIST,14228XXL,PRODUCT DESCRIPTION 1884,98,80,EA,30216,311217,1,21.1012,,,,AWAIT CATEGORY,M,FJAC
PRICELIST,14229S,PRODUCT DESCRIPTION 1885,8M,67,EA,30216,311217,1,20.1013,,,,AWAIT CATEGORY,M,FJAP
PRICELIST,14230M,PRODUCT DESCRIPTION 1886,8M,67,EA,30216,311217,1,21.1013,,,,AWAIT CATEGORY,M,FJAP
PRICELIST,14231L,PRODUCT DESCRIPTION 1887,8M,67,EA,30216,311217,1,20.1014,,,,AWAIT CATEGORY,M,FJAP
PRICELIST,14232XL,PRODUCT DESCRIPTION 1888,8M,67,EA,30216,311217,1,21.1014,,,,AWAIT CATEGORY,M,FJAP
PRICELIST,14233XXL,PRODUCT DESCRIPTION 1889,8M,67,EA,30216,311217,1,20.1015,,,,AWAIT CATEGORY,M,FJAP
PRICELIST,14234S,PRODUCT DESCRIPTION 1890,8M,67,EA,30216,311217,1,21.1015,,,,AWAIT CATEGORY,M,FJAP
PRICELIST,14235M,PRODUCT DESCRIPTION 1891,8M,67,EA,30216,311217,1,20.1016,,,,AWAIT CATEGORY,M,FJAP
PRICELIST,14236L,PRODUCT DESCRIPTION 1892,8M,67,EA,30216,311217,1,21.1016,,,,AWAIT CATEGORY,M,FJAP
PRICELIST,14237XL,PRODUCT DESCRIPTION 1893,8M,67,EA,30216,311217,1,20.1017,,,,AWAIT CATEGORY,M,FJAP
PRICELIST,14238XXL,PRODUCT DESCRIPTION 1894,8M,67,EA,30216,311217,1,21.1017,,,,AWAIT CATEGORY,M,FJAP
PRICELIST,14239S,PRODUCT DESCRIPTION 1895,8M,67,EA,30216,311217,1,20.1018,,,,AWAIT CATEGORY,M,FJAP
PRICELIST,14240M,PRODUCT DESCRIPTION 1896,8M,67,EA,30216,311217,1,21.1018,,,,AWAIT CATEGORY,M,FJAP
PRICELIST,14241L,PRODUCT DESCRIPTION 1897,8M,67,EA,30216,311217,1,20.1019,,,,AWAIT CATEGORY,M,FJAP
PRICELIST,14242XL,PRODUCT DESCRIPTION 1898,8M,67,EA,30216,311217,1,21.1019,,,,AWAIT CATEGORY,M,FJAP
PRICELIST,14243XXL,PRODUCT DESCRIPTION 1899,8M,67,EA,30216,311217,1,20.1020,,,,AWAIT CATEGORY,M,FJAP
PRICELIST,14244S,PRODUCT DESCRIPTION 1900,8M,67,EA,30216,311217,1,21.1020,,,,AWAIT CATEGORY,M,FJAP
PRICELIST,14245M,PRODUCT DESCRIPTION 1901,8M,67,EA,30216,311217,1,20.1021,,,,AWAIT CATEGORY,M,FJAP
PRICELIST,14246L,PRODUCT DESCRIPTION 1902,8M,67,EA,30216,311217,1,21.1021,,,,AWAIT CATEGORY,M,FJAP
PRICELIST,14247XL,PRODUCT DESCRIPTION 1903,8M,67,EA,30216,311217,1,20.1022,,,,AWAIT CATEGORY,M,FJAP
PRICELIST,14248XXL,PRODUCT DESCRIPTION 1904,8M,67,EA,30216,311217,1,21.1022,,,,AWAIT CATEGORY,M,FJAP
PRICELIST,14249S,PRODUCT DESCRIPTION 1905,8M,67,EA,30216,311217,1,20.1023,,,,AWAIT CATEGORY,M,FJAP
PRICELIST,14250M,PRODUCT DESCRIPTION 1906,8M,67,EA,30216,311217,1,21.1023,,,,AWAIT CATEGORY,M,FJAP
PRICELIST,14251L,PRODUCT DESCRIPTION 1907,8D,67,EA,30216,311217,1,20.1024,,,,AWAIT CATEGORY,M,FJOW
PRICELIST,14252XL,PRODUCT DESCRIPTION 1908,8D,67,EA,30216,311217,1,21.1024,,,,AWAIT CATEGORY,M,FJOW
PRICELIST,14253XXL,PRODUCT DESCRIPTION 1909,8B,67,EA,30216,311217,1,20.1025,,,,AWAIT CATEGORY,M,FJOW
PRICELIST,14254S,PRODUCT DESCRIPTION 1910,8B,67,EA,30216,311217,1,21.1025,,,,AWAIT CATEGORY,M,FJOW
PRICELIST,14255M,PRODUCT DESCRIPTION 1911,9O,60,PR,30216,311217,1,20.1026,,,,AWAIT CATEGORY,M,FJ1
PRICELIST,14256L,PRODUCT DESCRIPTION 1912,9P,60,PR,30216,311217,1,21.1026,,,,AWAIT CATEGORY,M,FJ1
PRICELIST,14257XL,PRODUCT DESCRIPTION 1913,9P,60,PR,30216,311217,1,20.1027,,,,AWAIT CATEGORY,M,FJ1
PRICELIST,14258XXL,PRODUCT DESCRIPTION 1914,9P,60,PR,30216,311217,1,21.1027,,,,AWAIT CATEGORY,M,FJ1
PRICELIST,14259S,PRODUCT DESCRIPTION 1915,8M,67,EA,30216,311217,1,20.1028,,,,AWAIT CATEGORY,M,FJAP
PRICELIST,14260M,PRODUCT DESCRIPTION 1916,8M,67,EA,30216,311217,1,21.1028,,,,AWAIT CATEGORY,M,FJAP
PRICELIST,14261L,PRODUCT DESCRIPTION 1917,8M,67,EA,30216,311217,1,20.1029,,,,AWAIT CATEGORY,M,FJAP
PRICELIST,14262XL,PRODUCT DESCRIPTION 1918,8M,67,EA,30216,311217,1,21.1029,,,,AWAIT CATEGORY,M,FJAP
PRICELIST,14263XXL,PRODUCT DESCRIPTION 1919,8M,67,EA,30216,311217,1,20.1030,,,,AWAIT CATEGORY,M,FJAP
PRICELIST,14264S,PRODUCT DESCRIPTION 1920,8M,67,EA,30216,311217,1,21.1030,,,,AWAIT CATEGORY,M,FJAP
PRICELIST,14265M,PRODUCT DESCRIPTION 1921,8M,67,EA,30216,311217,1,20.1031,,,,AWAIT CATEGORY,M,FJAP
PRICELIST,14266L,PRODUCT DESCRIPTION 1922,8M,67,EA,30216,311217,1,21.1031,,,,AWAIT CATEGORY,M,FJAP
PRICELIST,14267XL,PRODUCT DESCRIPTION 1923,8M,67,EA,30216,311217,1,20.1032,,,,AWAIT CATEGORY,M,FJAP
PRICELIST,14268XXL,PRODUCT DESCRIPTION 1924,8M,67,EA,30216,311217,1,21.1032,,,,AWAIT CATEGORY,M,FJAP
PRICELIST,14269S,PRODUCT DESCRIPTION 1925,8M,67,EA,30216,311217,1,20.1033,,,,AWAIT CATEGORY,M,FJAP
PRICELIST,14270M,PRODUCT DESCRIPTION 1926,8M,67,EA,30216,311217,1,21.1033,,,,AWAIT CATEGORY,M,FJAP
PRICELIST,14271L,PRODUCT DESCRIPTION 1927,8M,67,EA,30216,311217,1,20.1034,,,,AWAIT CATEGORY,M,FJAP
PRICELIST,14272XL,PRODUCT DESCRIPTION 1928,8M,67,EA,30216,311217,1,21.1034,,,,AWAIT CATEGORY,M,FJAP
PRICELIST,14273XXL,PRODUCT DESCRIPTION 1929,8M,67,EA,30216,311217,1,20.1035,,,,AWAIT CATEGORY,M,FJAP
PRICELIST,14274S,PRODUCT DESCRIPTION 1930,8M,67,EA,30216,311217,1,21.1035,,,,AWAIT CATEGORY,M,FJAP
PRICELIST,14275M,PRODUCT DESCRIPTION 1931,8M,67,EA,30216,311217,1,20.1036,,,,AWAIT CATEGORY,M,FJAP
PRICELIST,14276L,PRODUCT DESCRIPTION 1932,8M,67,EA,30216,311217,1,21.1036,,,,AWAIT CATEGORY,M,FJAP
PRICELIST,14277XL,PRODUCT DESCRIPTION 1933,8M,67,EA,30216,311217,1,20.1037,,,,AWAIT CATEGORY,M,FJAP
PRICELIST,14278XXL,PRODUCT DESCRIPTION 1934,8M,67,EA,30216,311217,1,21.1037,,,,AWAIT CATEGORY,M,FJAP
PRICELIST,14279S,PRODUCT DESCRIPTION 1935,8M,67,EA,30216,311217,1,20.1038,,,,AWAIT CATEGORY,M,FJAP
PRICELIST,14280M,PRODUCT DESCRIPTION 1936,8M,67,EA,30216,311217,1,21.1038,,,,AWAIT CATEGORY,M,FJAP
PRICELIST,14281L,PRODUCT DESCRIPTION 1937,8M,67,EA,30216,311217,1,20.1039,,,,AWAIT CATEGORY,M,FJAP
PRICELIST,14282XL,PRODUCT DESCRIPTION 1938,9P,60,PR,30216,311217,1,21.1039,,,,AWAIT CATEGORY,M,FJ1
PRICELIST,14283XXL,PRODUCT DESCRIPTION 1939,9P,60,PR,30216,311217,1,20.1040,,,,AWAIT CATEGORY,M,FJ1
PRICELIST,14284S,PRODUCT DESCRIPTION 1940,9P,60,PR,30216,311217,1,21.1040,,,,AWAIT CATEGORY,M,FJ1
PRICELIST,14285M,PRODUCT DESCRIPTION 1941,9K,60,PR,30216,311217,1,20.1041,,,,AWAIT CATEGORY,M,FJ1
PRICELIST,14286L,PRODUCT DESCRIPTION 1942,9K,60,PR,30216,311217,1,21.1041,,,,AWAIT CATEGORY,M,FJ1
PRICELIST,14287XL,PRODUCT DESCRIPTION 1943,10,10,DZ,30216,311217,1,20.1042,,,,PRO V1,M,GB1
PRICELIST,14288XXL,PRODUCT DESCRIPTION 1944,8M,67,EA,30216,311217,1,21.1042,,,,AWAIT CATEGORY,M,FJAP
PRICELIST,14289S,PRODUCT DESCRIPTION 1945,8M,67,EA,30216,311217,1,20.1043,,,,AWAIT CATEGORY,M,FJAP
PRICELIST,14290M,PRODUCT DESCRIPTION 1946,8M,67,EA,30216,311217,1,21.1043,,,,AWAIT CATEGORY,M,FJAP
PRICELIST,14291L,PRODUCT DESCRIPTION 1947,8M,67,EA,30216,311217,1,20.1044,,,,AWAIT CATEGORY,M,FJAP
PRICELIST,14292XL,PRODUCT DESCRIPTION 1948,8M,67,EA,30216,311217,1,21.1044,,,,AWAIT CATEGORY,M,FJAP
PRICELIST,14293XXL,PRODUCT DESCRIPTION 1949,8M,67,EA,30216,311217,1,20.1045,,,,AWAIT CATEGORY,M,FJAP
PRICELIST,14294S,PRODUCT DESCRIPTION 1950,8M,67,EA,30216,311217,1,21.1045,,,,AWAIT CATEGORY,M,FJAP
PRICELIST,14295M,PRODUCT DESCRIPTION 1951,8M,67,EA,30216,311217,1,20.1046,,,,AWAIT CATEGORY,M,FJAP
PRICELIST,14296L,PRODUCT DESCRIPTION 1952,8M,67,EA,30216,311217,1,21.1046,,,,AWAIT CATEGORY,M,FJAP
PRICELIST,14297XL,PRODUCT DESCRIPTION 1953,8M,67,EA,30216,311217,1,20.1047,,,,AWAIT CATEGORY,M,FJAP
PRICELIST,14298XXL,PRODUCT DESCRIPTION 1954,8M,67,EA,30216,311217,1,21.1047,,,,AWAIT CATEGORY,M,FJAP
PRICELIST,14299S,PRODUCT DESCRIPTION 1955,8M,67,EA,30216,311217,1,20.1048,,,,AWAIT CATEGORY,M,FJAP
PRICELIST,14300M,PRODUCT DESCRIPTION 1956,8M,67,EA,30216,311217,1,21.1048,,,,AWAIT CATEGORY,M,FJAP
PRICELIST,14301L,PRODUCT DESCRIPTION 1957,9T,60,PR,30216,311217,1,20.1049,,,,AWAIT CATEGORY,M,FJ1
PRICELIST,14302XL,PRODUCT DESCRIPTION 1958,9T,60,PR,30216,311217,1,21.1049,,,,AWAIT CATEGORY,M,FJ1
PRICELIST,14303XXL,PRODUCT DESCRIPTION 1959,8Q,67,PR,30216,311217,1,20.1050,,,,AWAIT CATEGORY,M,FJAP
PRICELIST,14304S,PRODUCT DESCRIPTION 1960,8Q,67,PR,30216,311217,1,21.1050,,,,AWAIT CATEGORY,M,FJAP
PRICELIST,14305M,PRODUCT DESCRIPTION 1961,8Q,67,PR,30216,311217,1,20.1051,,,,AWAIT CATEGORY,C,FJAP
PRICELIST,14306L,PRODUCT DESCRIPTION 1962,8Q,67,PR,30216,311217,1,21.1051,,,,AWAIT CATEGORY,C,FJAP
PRICELIST,14307XL,PRODUCT DESCRIPTION 1963,8Q,67,PR,30216,311217,1,20.1052,,,,AWAIT CATEGORY,C,FJAP
PRICELIST,14308XXL,PRODUCT DESCRIPTION 1964,8Q,67,PR,30216,311217,1,21.1052,,,,AWAIT CATEGORY,C,FJAP
PRICELIST,14309S,PRODUCT DESCRIPTION 1965,8B,67,EA,30216,311217,1,20.1053,,,,AWAIT CATEGORY,M,FJOW
PRICELIST,14310M,PRODUCT DESCRIPTION 1966,8D,67,EA,30216,311217,1,21.1053,,,,AWAIT CATEGORY,M,FJOW
PRICELIST,14311L,PRODUCT DESCRIPTION 1967,8D,67,EA,30216,311217,1,20.1054,,,,AWAIT CATEGORY,M,FJOW
PRICELIST,14312XL,PRODUCT DESCRIPTION 1968,8D,67,EA,30216,311217,1,21.1054,,,,AWAIT CATEGORY,M,FJOW
PRICELIST,14313XXL,PRODUCT DESCRIPTION 1969,8N,67,EA,30216,311217,1,20.1055,,,,FJ PERF SH L/S,M,FJAP
PRICELIST,14314S,PRODUCT DESCRIPTION 1970,9S,60,PR,30216,311217,1,21.1055,,,,AWAIT CATEGORY,M,FJ1
PRICELIST,14315M,PRODUCT DESCRIPTION 1971,4E,40,SIX,30216,311217,1,20.1056,,,,AWAIT CATEGORY,M,FGLV
PRICELIST,14316L,PRODUCT DESCRIPTION 1972,4E,40,SIX,30216,311217,1,21.1056,,,,AWAIT CATEGORY,M,FGLV
PRICELIST,14317XL,PRODUCT DESCRIPTION 1973,8O,67,EA,30216,311217,1,20.1057,,,,AWAIT CATEGORY,M,FJAP
PRICELIST,14318XXL,PRODUCT DESCRIPTION 1974,8O,67,EA,30216,311217,1,21.1057,,,,AWAIT CATEGORY,M,FJAP
PRICELIST,14319S,PRODUCT DESCRIPTION 1975,8O,67,EA,30216,311217,1,20.1058,,,,AWAIT CATEGORY,M,FJAP
PRICELIST,14320M,PRODUCT DESCRIPTION 1976,8O,67,EA,30216,311217,1,21.1058,,,,AWAIT CATEGORY,M,FJAP
PRICELIST,14321L,PRODUCT DESCRIPTION 1977,8O,67,EA,30216,311217,1,20.1059,,,,AWAIT CATEGORY,M,FJAP
PRICELIST,14322XL,PRODUCT DESCRIPTION 1978,8O,67,EA,30216,311217,1,21.1059,,,,AWAIT CATEGORY,M,FJAP
PRICELIST,14323XXL,PRODUCT DESCRIPTION 1979,8Q,67,PR,30216,311217,1,20.1060,,,,AWAIT CATEGORY,M,FJAP
PRICELIST,14324S,PRODUCT DESCRIPTION 1980,8O,67,EA,30216,311217,1,21.1060,,,,AWAIT CATEGORY,M,FJAP
PRICELIST,14325M,PRODUCT DESCRIPTION 1981,8O,67,EA,30216,311217,1,20.1061,,,,AWAIT CATEGORY,M,FJAP
PRICELIST,14326L,PRODUCT DESCRIPTION 1982,8O,67,EA,30216,311217,1,21.1061,,,,AWAIT CATEGORY,M,FJAP
PRICELIST,14327XL,PRODUCT DESCRIPTION 1983,8O,67,EA,30216,311217,1,20.1062,,,,AWAIT CATEGORY,M,FJAP
PRICELIST,14328S,PRODUCT DESCRIPTION 1984,8O,67,EA,30216,311217,1,21.1062,,,,AWAIT CATEGORY,M,FJAP
PRICELIST,14329M,PRODUCT DESCRIPTION 1985,8O,67,EA,30216,311217,1,20.1063,,,,AWAIT CATEGORY,M,FJAP
PRICELIST,14330L,PRODUCT DESCRIPTION 1986,8O,67,EA,30216,311217,1,21.1063,,,,AWAIT CATEGORY,M,FJAP
PRICELIST,14331XL,PRODUCT DESCRIPTION 1987,8O,67,EA,30216,311217,1,20.1064,,,,AWAIT CATEGORY,M,FJAP
PRICELIST,14332XXL,PRODUCT DESCRIPTION 1988,8O,67,EA,30216,311217,1,21.1064,,,,AWAIT CATEGORY,M,FJAP
PRICELIST,14333S,PRODUCT DESCRIPTION 1989,8O,67,EA,30216,311217,1,20.1065,,,,AWAIT CATEGORY,M,FJAP
PRICELIST,14334M,PRODUCT DESCRIPTION 1990,9L,60,PR,30216,311217,1,21.1065,,,,AWAIT CATEGORY,M,FJ1
PRICELIST,14335L,PRODUCT DESCRIPTION 1991,9L,60,PR,30216,311217,1,20.1066,,,,AWAIT CATEGORY,M,FJ1
PRICELIST,14336XL,PRODUCT DESCRIPTION 1992,9M,60,PR,30216,311217,1,21.1066,,,,AWAIT CATEGORY,M,FJ1
PRICELIST,14337XXL,PRODUCT DESCRIPTION 1993,9M,60,PR,30216,311217,1,20.1067,,,,AWAIT CATEGORY,M,FJ1
PRICELIST,14338S,PRODUCT DESCRIPTION 1994,9T,60,PR,30216,311217,1,21.1067,,,,AWAIT CATEGORY,M,FJ1
PRICELIST,14339M,PRODUCT DESCRIPTION 1995,9T,60,PR,30216,311217,1,20.1068,,,,AWAIT CATEGORY,M,FJ1
PRICELIST,14340L,PRODUCT DESCRIPTION 1996,9T,60,PR,30216,311217,1,21.1068,,,,AWAIT CATEGORY,M,FJ1
PRICELIST,14341XL,PRODUCT DESCRIPTION 1997,9T,60,PR,30216,311217,1,20.1069,,,,AWAIT CATEGORY,M,FJ1
PRICELIST,14342XXL,PRODUCT DESCRIPTION 1998,9T,60,PR,30216,311217,1,21.1069,,,,AWAIT CATEGORY,M,FJ1
PRICELIST,14343S,PRODUCT DESCRIPTION 1999,9T,60,PR,30216,311217,1,20.1070,,,,AWAIT CATEGORY,M,FJ1
PRICELIST,14344M,PRODUCT DESCRIPTION 2000,8O,67,EA,30216,311217,1,21.1070,,,,AWAIT CATEGORY,M,FJAP
PRICELIST,14345L,PRODUCT DESCRIPTION 2001,8O,67,EA,30216,311217,1,20.1071,,,,AWAIT CATEGORY,M,FJAP
PRICELIST,14346XL,PRODUCT DESCRIPTION 2002,8O,67,EA,30216,311217,1,21.1071,,,,AWAIT CATEGORY,M,FJAP
PRICELIST,14347XXL,PRODUCT DESCRIPTION 2003,8O,67,EA,30216,311217,1,20.1072,,,,AWAIT CATEGORY,M,FJAP
PRICELIST,14348S,PRODUCT DESCRIPTION 2004,8O,67,EA,30216,311217,1,21.1072,,,,AWAIT CATEGORY,M,FJAP
PRICELIST,14349M,PRODUCT DESCRIPTION 2005,9O,60,PR,30216,311217,1,20.1073,,,,AWAIT CATEGORY,M,FJ1
PRICELIST,14350L,PRODUCT DESCRIPTION 2006,9O,60,PR,30216,311217,1,21.1073,,,,AWAIT CATEGORY,M,FJ1
PRICELIST,14351XL,PRODUCT DESCRIPTION 2007,9O,60,PR,30216,311217,1,20.1074,,,,AWAIT CATEGORY,M,FJ1
PRICELIST,14352XXL,PRODUCT DESCRIPTION 2008,9O,60,PR,30216,311217,1,21.1074,,,,AWAIT CATEGORY,M,FJ1
PRICELIST,14353S,PRODUCT DESCRIPTION 2009,9O,60,PR,30216,311217,1,20.1075,,,,AWAIT CATEGORY,M,FJ1
PRICELIST,14354M,PRODUCT DESCRIPTION 2010,9O,60,PR,30216,311217,1,21.1075,,,,AWAIT CATEGORY,M,FJ1
PRICELIST,14355L,PRODUCT DESCRIPTION 2011,9O,60,PR,30216,311217,1,20.1076,,,,AWAIT CATEGORY,M,FJ1
PRICELIST,14356XL,PRODUCT DESCRIPTION 2012,9O,60,PR,30216,311217,1,21.1076,,,,AWAIT CATEGORY,M,FJ1
PRICELIST,14357XXL,PRODUCT DESCRIPTION 2013,9K,60,PR,30216,311217,1,20.1077,,,,AWAIT CATEGORY,M,FJ1
PRICELIST,14358S,PRODUCT DESCRIPTION 2014,9K,60,PR,30216,311217,1,21.1077,,,,AWAIT CATEGORY,M,FJ1
PRICELIST,14359M,PRODUCT DESCRIPTION 2015,9K,60,PR,30216,311217,1,20.1078,,,,AWAIT CATEGORY,M,FJ1
PRICELIST,14360L,PRODUCT DESCRIPTION 2016,9K,60,PR,30216,311217,1,21.1078,,,,AWAIT CATEGORY,M,FJ1
PRICELIST,14361XL,PRODUCT DESCRIPTION 2017,9K,60,PR,30216,311217,1,20.1079,,,,AWAIT CATEGORY,M,FJ1
PRICELIST,14362XXL,PRODUCT DESCRIPTION 2018,9K,60,PR,30216,311217,1,21.1079,,,,AWAIT CATEGORY,M,FJ1
PRICELIST,14363S,PRODUCT DESCRIPTION 2019,9K,60,PR,30216,311217,1,20.1080,,,,AWAIT CATEGORY,M,FJ1
PRICELIST,14364M,PRODUCT DESCRIPTION 2020,9S,60,PR,30216,311217,1,21.1080,,,,AWAIT CATEGORY,M,FJ1
PRICELIST,14365L,PRODUCT DESCRIPTION 2021,9S,60,PR,30216,311217,1,20.1081,,,,AWAIT CATEGORY,M,FJ1
PRICELIST,14366XL,PRODUCT DESCRIPTION 2022,9S,60,PR,30216,311217,1,21.1081,,,,AWAIT CATEGORY,M,FJ1
PRICELIST,14367XXL,PRODUCT DESCRIPTION 2023,9S,60,PR,30216,311217,1,20.1082,,,,AWAIT CATEGORY,M,FJ1
PRICELIST,14368S,PRODUCT DESCRIPTION 2024,9S,60,PR,30216,311217,1,21.1082,,,,AWAIT CATEGORY,M,FJ1
PRICELIST,14369M,PRODUCT DESCRIPTION 2025,9K,60,PR,30216,311217,1,20.1083,,,,AWAIT CATEGORY,M,FJ1
PRICELIST,14370L,PRODUCT DESCRIPTION 2026,9O,60,PR,30216,311217,1,21.1083,,,,FJ BOOT,M,FJ1
PRICELIST,14371XL,PRODUCT DESCRIPTION 2027,9K,60,PR,30216,311217,1,20.1084,,,,AWAIT CATEGORY,M,FJ1
PRICELIST,14372XXL,PRODUCT DESCRIPTION 2028,9K,60,PR,30216,311217,1,21.1084,,,,AWAIT CATEGORY,M,FJ1
PRICELIST,14373S,PRODUCT DESCRIPTION 2029,9K,60,PR,30216,311217,1,20.1085,,,,AWAIT CATEGORY,M,FJ1
PRICELIST,14374M,PRODUCT DESCRIPTION 2030,9K,60,PR,30216,311217,1,21.1085,,,,AWAIT CATEGORY,M,FJ1
PRICELIST,14375L,PRODUCT DESCRIPTION 2031,9K,60,PR,30216,311217,1,20.1086,,,,AWAIT CATEGORY,M,FJ1
PRICELIST,14376XL,PRODUCT DESCRIPTION 2032,9T,60,PR,30216,311217,1,21.1086,,,,AWAIT CATEGORY,M,FJ1
PRICELIST,14377XXL,PRODUCT DESCRIPTION 2033,9T,60,PR,30216,311217,1,20.1087,,,,AWAIT CATEGORY,M,FJ1
PRICELIST,14378S,PRODUCT DESCRIPTION 2034,9T,60,PR,30216,311217,1,21.1087,,,,AWAIT CATEGORY,M,FJ1
PRICELIST,14379M,PRODUCT DESCRIPTION 2035,9T,60,PR,30216,311217,1,20.1088,,,,AWAIT CATEGORY,M,FJ1
PRICELIST,14380L,PRODUCT DESCRIPTION 2036,9T,60,PR,30216,311217,1,21.1088,,,,AWAIT CATEGORY,M,FJ1
PRICELIST,14381XL,PRODUCT DESCRIPTION 2037,9T,60,PR,30216,311217,1,20.1089,,,,AWAIT CATEGORY,M,FJ1
PRICELIST,14382XXL,PRODUCT DESCRIPTION 2038,9T,60,PR,30216,311217,1,21.1089,,,,AWAIT CATEGORY,M,FJ1
PRICELIST,14383S,PRODUCT DESCRIPTION 2039,9T,60,PR,30216,311217,1,20.1090,,,,AWAIT CATEGORY,M,FJ1
PRICELIST,14384M,PRODUCT DESCRIPTION 2040,8Q,67,PR,30216,311217,1,21.1090,,,,AWAIT CATEGORY,M,FJAP
PRICELIST,14385L,PRODUCT DESCRIPTION 2041,8Q,67,PR,30216,311217,1,20.1091,,,,AWAIT CATEGORY,M,FJAP
PRICELIST,14386XL,PRODUCT DESCRIPTION 2042,8Q,67,PR,30216,311217,1,21.1091,,,,AWAIT CATEGORY,M,FJAP
PRICELIST,14387XXL,PRODUCT DESCRIPTION 2043,8Q,67,PR,30216,311217,1,20.1092,,,,AWAIT CATEGORY,M,FJAP
PRICELIST,14388S,PRODUCT DESCRIPTION 2044,4C,40,SIX,30216,311217,1,21.1092,,,,AWAIT CATEGORY,M,FGLV
PRICELIST,14389M,PRODUCT DESCRIPTION 2045,8O,67,EA,30216,311217,1,20.1093,,,,AWAIT CATEGORY,M,FJAP
PRICELIST,14390L,PRODUCT DESCRIPTION 2046,8O,67,EA,30216,311217,1,21.1093,,,,AWAIT CATEGORY,M,FJAP
PRICELIST,14391XL,PRODUCT DESCRIPTION 2047,8O,67,EA,30216,311217,1,20.1094,,,,AWAIT CATEGORY,M,FJAP
PRICELIST,14392XXL,PRODUCT DESCRIPTION 2048,8O,67,EA,30216,311217,1,21.1094,,,,AWAIT CATEGORY,M,FJAP
PRICELIST,14393S,PRODUCT DESCRIPTION 2049,8O,67,EA,30216,311217,1,20.1095,,,,AWAIT CATEGORY,M,FJAP
PRICELIST,14394M,PRODUCT DESCRIPTION 2050,8O,67,EA,30216,311217,1,21.1095,,,,AWAIT CATEGORY,M,FJAP
PRICELIST,14395L,PRODUCT DESCRIPTION 2051,8O,67,EA,30216,311217,1,20.1096,,,,AWAIT CATEGORY,M,FJAP
PRICELIST,14396XL,PRODUCT DESCRIPTION 2052,8O,67,EA,30216,311217,1,21.1096,,,,AWAIT CATEGORY,M,FJAP
PRICELIST,14397XXL,PRODUCT DESCRIPTION 2053,8O,67,EA,30216,311217,1,20.1097,,,,AWAIT CATEGORY,M,FJAP
PRICELIST,14398S,PRODUCT DESCRIPTION 2054,9S,60,PR,30216,311217,1,21.1097,,,,AWAIT CATEGORY,M,FJ1
PRICELIST,14399M,PRODUCT DESCRIPTION 2055,9S,60,PR,30216,311217,1,20.1098,,,,AWAIT CATEGORY,M,FJ1
PRICELIST,14400L,PRODUCT DESCRIPTION 2056,9S,60,PR,30216,311217,1,21.1098,,,,AWAIT CATEGORY,M,FJ1
PRICELIST,14401XL,PRODUCT DESCRIPTION 2057,9S,60,PR,30216,311217,1,20.1099,,,,AWAIT CATEGORY,M,FJ1
PRICELIST,14402XXL,PRODUCT DESCRIPTION 2058,8O,67,EA,30216,311217,1,21.1099,,,,AWAIT CATEGORY,M,FJAP
PRICELIST,14403S,PRODUCT DESCRIPTION 2059,8O,67,EA,30216,311217,1,20.1100,,,,AWAIT CATEGORY,M,FJAP
PRICELIST,14404M,PRODUCT DESCRIPTION 2060,95,70,DZ,30216,311217,1,21.1100,,,,AWAIT CATEGORY,M,SCK1
PRICELIST,14405L,PRODUCT DESCRIPTION 2061,8Q,67,PR,30216,311217,1,20.1101,,,,AWAIT CATEGORY,M,FJAP
PRICELIST,14406XL,PRODUCT DESCRIPTION 2062,8Q,67,PR,30216,311217,1,21.1101,,,,AWAIT CATEGORY,C,FJAP
PRICELIST,14407XXL,PRODUCT DESCRIPTION 2063,8O,67,EA,30216,311217,1,20.1102,,,,AWAIT CATEGORY,M,FJAP
PRICELIST,14408S,PRODUCT DESCRIPTION 2064,8O,67,EA,30216,311217,1,21.1102,,,,AWAIT CATEGORY,M,FJAP
PRICELIST,14409M,PRODUCT DESCRIPTION 2065,9S,60,PR,30216,311217,1,20.1103,,,,AWAIT CATEGORY,M,FJ1
PRICELIST,14410L,PRODUCT DESCRIPTION 2066,9S,60,PR,30216,311217,1,21.1103,,,,AWAIT CATEGORY,M,FJ1
PRICELIST,14411XL,PRODUCT DESCRIPTION 2067,9S,60,PR,30216,311217,1,20.1104,,,,AWAIT CATEGORY,M,FJ1
PRICELIST,14412XXL,PRODUCT DESCRIPTION 2068,9S,60,PR,30216,311217,1,21.1104,,,,AWAIT CATEGORY,M,FJ1
PRICELIST,14413S,PRODUCT DESCRIPTION 2069,8B,67,EA,30216,311217,1,20.1105,,,,AWAIT CATEGORY,M,FJOW
PRICELIST,14414M,PRODUCT DESCRIPTION 2070,9J,60,PR,30216,311217,1,21.1105,,,,AWAIT CATEGORY,M,FJ1
PRICELIST,14415L,PRODUCT DESCRIPTION 2071,9J,60,PR,30216,311217,1,20.1106,,,,AWAIT CATEGORY,M,FJ1
PRICELIST,14416XL,PRODUCT DESCRIPTION 2072,9X,60,PR,30216,311217,1,21.1106,,,,AWAIT CATEGORY,M,FJ1
PRICELIST,14417XXL,PRODUCT DESCRIPTION 2073,9X,60,PR,30216,311217,1,20.1107,,,,AWAIT CATEGORY,M,FJ1
PRICELIST,14418S,PRODUCT DESCRIPTION 2074,9X,60,PR,30216,311217,1,21.1107,,,,AWAIT CATEGORY,M,FJ1
PRICELIST,14419M,PRODUCT DESCRIPTION 2075,9X,60,PR,30216,311217,1,20.1108,,,,AWAIT CATEGORY,M,FJ1
PRICELIST,14420L,PRODUCT DESCRIPTION 2076,8B,67,EA,30216,311217,1,21.1108,,,,AWAIT CATEGORY,M,FJOW
PRICELIST,14421XL,PRODUCT DESCRIPTION 2077,8B,67,EA,30216,311217,1,20.1109,,,,AWAIT CATEGORY,M,FJOW
PRICELIST,14422XXL,PRODUCT DESCRIPTION 2078,8C,67,EA,30216,311217,1,21.1109,,,,AWAIT CATEGORY,M,FJOW
PRICELIST,14423S,PRODUCT DESCRIPTION 2079,8C,67,EA,30216,311217,1,20.1110,,,,AWAIT CATEGORY,M,FJOW
PRICELIST,14424M,PRODUCT DESCRIPTION 2080,9S,60,PR,30216,311217,1,21.1110,,,,AWAIT CATEGORY,M,FJ1
PRICELIST,14425L,PRODUCT DESCRIPTION 2081,9S,60,PR,30216,311217,1,20.1111,,,,AWAIT CATEGORY,M,FJ1
PRICELIST,14426XL,PRODUCT DESCRIPTION 2082,9J,60,PR,30216,311217,1,21.1111,,,,AWAIT CATEGORY,M,FJ1
PRICELIST,14427XXL,PRODUCT DESCRIPTION 2083,9J,60,PR,30216,311217,1,20.1112,,,,AWAIT CATEGORY,M,FJ1
PRICELIST,14428S,PRODUCT DESCRIPTION 2084,9J,60,PR,30216,311217,1,21.1112,,,,AWAIT CATEGORY,M,FJ1
PRICELIST,14429M,PRODUCT DESCRIPTION 2085,9J,60,PR,30216,311217,1,20.1113,,,,AWAIT CATEGORY,M,FJ1
PRICELIST,14430L,PRODUCT DESCRIPTION 2086,9J,60,PR,30216,311217,1,21.1113,,,,AWAIT CATEGORY,M,FJ1
PRICELIST,14431XL,PRODUCT DESCRIPTION 2087,9J,60,PR,30216,311217,1,20.1114,,,,AWAIT CATEGORY,M,FJ1
PRICELIST,14432XXL,PRODUCT DESCRIPTION 2088,9X,60,PR,30216,311217,1,21.1114,,,,AWAIT CATEGORY,M,FJ1
PRICELIST,14433S,PRODUCT DESCRIPTION 2089,9X,60,PR,30216,311217,1,20.1115,,,,AWAIT CATEGORY,M,FJ1
PRICELIST,14434M,PRODUCT DESCRIPTION 2090,9X,60,PR,30216,311217,1,21.1115,,,,AWAIT CATEGORY,M,FJ1
PRICELIST,14435L,PRODUCT DESCRIPTION 2091,8B,67,EA,30216,311217,1,20.1116,,,,AWAIT CATEGORY,M,FJOW
PRICELIST,14436XL,PRODUCT DESCRIPTION 2092,8B,67,EA,30216,311217,1,21.1116,,,,AWAIT CATEGORY,M,FJOW
PRICELIST,14437XXL,PRODUCT DESCRIPTION 2093,8B,67,EA,30216,311217,1,20.1117,,,,AWAIT CATEGORY,M,FJOW
PRICELIST,14438S,PRODUCT DESCRIPTION 2094,8A,67,PR,30216,311217,1,21.1117,,,,AWAIT CATEGORY,C,FJOW
PRICELIST,14439M,PRODUCT DESCRIPTION 2095,9H,60,PR,30216,311217,1,20.1118,,,,AWAIT CATEGORY,M,FJ1
PRICELIST,14440L,PRODUCT DESCRIPTION 2096,9J,60,PR,30216,311217,1,21.1118,,,,AWAIT CATEGORY,M,FJ1
PRICELIST,14441XL,PRODUCT DESCRIPTION 2097,9J,60,PR,30216,311217,1,20.1119,,,,AWAIT CATEGORY,M,FJ1
PRICELIST,14442XXL,PRODUCT DESCRIPTION 2098,9X,60,PR,30216,311217,1,21.1119,,,,AWAIT CATEGORY,M,FJ1
PRICELIST,14443S,PRODUCT DESCRIPTION 2099,8C,67,EA,30216,311217,1,20.1120,,,,AWAIT CATEGORY,M,FJOW
PRICELIST,14444M,PRODUCT DESCRIPTION 2100,9H,60,PR,30216,311217,1,21.1120,,,,AWAIT CATEGORY,M,FJ1
PRICELIST,14445L,PRODUCT DESCRIPTION 2101,9H,60,PR,30216,311217,1,20.1121,,,,AWAIT CATEGORY,M,FJ1
PRICELIST,14446XL,PRODUCT DESCRIPTION 2102,9H,60,PR,30216,311217,1,21.1121,,,,AWAIT CATEGORY,M,FJ1
PRICELIST,14447XXL,PRODUCT DESCRIPTION 2103,9H,60,PR,30216,311217,1,20.1122,,,,AWAIT CATEGORY,M,FJ1
PRICELIST,14448S,PRODUCT DESCRIPTION 2104,9H,60,PR,30216,311217,1,21.1122,,,,AWAIT CATEGORY,M,FJ1
PRICELIST,14449M,PRODUCT DESCRIPTION 2105,89,60,PR,30216,311217,1,20.1123,,,,MYJOYS DRYJOYS,M,NSDS
PRICELIST,14450L,PRODUCT DESCRIPTION 2106,89,60,PR,30216,311217,1,21.1123,,,,MYJOYS DRYJOYS,M,NSDS
PRICELIST,14451XL,PRODUCT DESCRIPTION 2107,89,60,PR,30216,311217,1,20.1124,,,,MYJOYS DRYJOYS,M,NSDS
PRICELIST,14452XXL,PRODUCT DESCRIPTION 2108,89,60,PR,30216,311217,1,21.1124,,,,MYJOYS DRYJOYS,M,NSDS
PRICELIST,14453S,PRODUCT DESCRIPTION 2109,9H,60,PR,30216,311217,1,20.1125,,,,AWAIT CATEGORY,M,FJ1
PRICELIST,14454M,PRODUCT DESCRIPTION 2110,9H,60,PR,30216,311217,1,21.1125,,,,AWAIT CATEGORY,M,FJ1
PRICELIST,14455L,PRODUCT DESCRIPTION 2111,2B,20,EA,30216,311217,1,20.1126,,,,AWAIT CATEGORY,C,TIRN
PRICELIST,14456XL,PRODUCT DESCRIPTION 2112,89,60,PR,30216,311217,1,21.1126,,,,MYJOYS DRYJOYS,M,NSDS
PRICELIST,14457XXL,PRODUCT DESCRIPTION 2113,2B,20,EA,30216,311217,1,20.1127,,,,AWAIT CATEGORY,C,TIRN
PRICELIST,14458S,PRODUCT DESCRIPTION 2114,9C,60,PR,30216,311217,1,21.1127,,,,AWAIT CATEGORY,M,FJ1
PRICELIST,14459M,PRODUCT DESCRIPTION 2115,9C,60,PR,30216,311217,1,20.1128,,,,AWAIT CATEGORY,M,FJ1
PRICELIST,14460L,PRODUCT DESCRIPTION 2116,89,60,PR,30216,311217,1,21.1128,,,,MYJOYS DRYJOYS,M,NSDS
PRICELIST,14461XL,PRODUCT DESCRIPTION 2117,89,60,PR,30216,311217,1,20.1129,,,,MYJOYS DRYJOYS,M,NSDS
PRICELIST,14462XXL,PRODUCT DESCRIPTION 2118,9B,60,PR,30216,311217,1,21.1129,,,,AWAIT CATEGORY,M,FJ1
PRICELIST,14463S,PRODUCT DESCRIPTION 2119,9B,60,PR,30216,311217,1,20.1130,,,,AWAIT CATEGORY,M,FJ1
PRICELIST,14464M,PRODUCT DESCRIPTION 2120,9B,60,PR,30216,311217,1,21.1130,,,,AWAIT CATEGORY,M,FJ1
PRICELIST,14465L,PRODUCT DESCRIPTION 2121,9B,60,PR,30216,311217,1,20.1131,,,,AWAIT CATEGORY,M,FJ1
PRICELIST,14466XL,PRODUCT DESCRIPTION 2122,9B,60,PR,30216,311217,1,21.1131,,,,AWAIT CATEGORY,M,FJ1
PRICELIST,14467XXL,PRODUCT DESCRIPTION 2123,9B,60,PR,30216,311217,1,20.1132,,,,AWAIT CATEGORY,M,FJ1
PRICELIST,14468S,PRODUCT DESCRIPTION 2124,9B,60,PR,30216,311217,1,21.1132,,,,AWAIT CATEGORY,M,FJ1
PRICELIST,14469M,PRODUCT DESCRIPTION 2125,9B,60,PR,30216,311217,1,20.1133,,,,AWAIT CATEGORY,M,FJ1
PRICELIST,14470L,PRODUCT DESCRIPTION 2126,20,20,EA,30216,311217,1,21.1133,,,,AWAIT CATEGORY,C,TIRN
PRICELIST,14471XL,PRODUCT DESCRIPTION 2127,2K,20,EA,30216,311217,1,20.1134,,,,BAND S8,C,NODS
PRICELIST,14472XXL,PRODUCT DESCRIPTION 2128,2B,20,EA,30216,311217,1,21.1134,,,,AWAIT CATEGORY,C,TIRN
PRICELIST,14473S,PRODUCT DESCRIPTION 2129,89,60,PR,30216,311217,1,20.1135,,,,MYJOYS DRYJOYS,M,NSDS
PRICELIST,14474M,PRODUCT DESCRIPTION 2130,21,20,EA,30216,311217,1,21.1135,,,,910D2/D3,M,TMET
PRICELIST,14475L,PRODUCT DESCRIPTION 2131,21,20,EA,30216,311217,1,20.1136,,,,910D2/D3,M,TMET
PRICELIST,14476XL,PRODUCT DESCRIPTION 2132,21,20,EA,30216,311217,1,21.1136,,,,910D2/D3,M,TMET
PRICELIST,14477XXL,PRODUCT DESCRIPTION 2133,2K,20,EA,30216,311217,1,20.1137,,,,BAND S8,C,NODS
PRICELIST,14478S,PRODUCT DESCRIPTION 2134,89,60,PR,30216,311217,1,21.1137,,,,MYJOYS DRYJOYS,M,NSDS
PRICELIST,14479M,PRODUCT DESCRIPTION 2135,89,60,PR,30216,311217,1,20.1138,,,,MYJOYS DRYJOYS,M,NSDS
PRICELIST,14480L,PRODUCT DESCRIPTION 2136,89,60,PR,30216,311217,1,21.1138,,,,MYJOYS DRYJOYS,C,NSDS
PRICELIST,14481XL,PRODUCT DESCRIPTION 2137,89,60,PR,30216,311217,1,20.1139,,,,MYJOYS DRYJOYS,C,NSDS
PRICELIST,14482XXL,PRODUCT DESCRIPTION 2138,2K,20,EA,30216,311217,1,21.1139,,,,BAND S8,C,NODS
PRICELIST,14483S,PRODUCT DESCRIPTION 2139,2K,20,EA,30216,311217,1,20.1140,,,,BAND S8,C,NODS
PRICELIST,14484M,PRODUCT DESCRIPTION 2140,95,70,PR,30216,311217,1,21.1140,,,,AWAIT CATEGORY,M,SCK1
PRICELIST,14485L,PRODUCT DESCRIPTION 2141,2K,20,EA,30216,311217,1,20.1141,,,,BAND S8,C,NODS
PRICELIST,14486XL,PRODUCT DESCRIPTION 2142,21,20,EA,30216,311217,1,21.1141,,,,910D2/D3,M,TMET
PRICELIST,14487XXL,PRODUCT DESCRIPTION 2143,2K,20,EA,30216,311217,1,20.1142,,,,BAND S8,C,NODS
PRICELIST,14488S,PRODUCT DESCRIPTION 2144,2K,20,EA,30216,311217,1,21.1142,,,,CHARGE,C,NODS
PRICELIST,14489M,PRODUCT DESCRIPTION 2145,2K,20,EA,30216,311217,1,20.1143,,,,CHARGE,C,NODS
PRICELIST,14490L,PRODUCT DESCRIPTION 2146,2K,20,EA,30216,311217,1,21.1143,,,,CHARGE,C,NODS
PRICELIST,14491XL,PRODUCT DESCRIPTION 2147,98,80,PR,30216,311217,1,20.1144,,,,AWAIT CATEGORY,M,FJAC
PRICELIST,14492XXL,PRODUCT DESCRIPTION 2148,98,80,PR,30216,311217,1,21.1144,,,,AWAIT CATEGORY,M,FJAC
PRICELIST,14493S,PRODUCT DESCRIPTION 2149,96,70,EA,30216,311217,1,20.1145,,,,AWAIT CATEGORY,C,SCK1
PRICELIST,14494M,PRODUCT DESCRIPTION 2150,96,70,EA,30216,311217,1,21.1145,,,,AWAIT CATEGORY,C,SCK1
PRICELIST,14495L,PRODUCT DESCRIPTION 2151,12,10,DZ,30216,311217,1,20.1146,,,,AWAIT CATEGORY,C,NODS
PRICELIST,14496XL,PRODUCT DESCRIPTION 2152,9K,60,PR,30216,311217,1,21.1146,,,,AWAIT CATEGORY,M,FJ1
PRICELIST,14497XXL,PRODUCT DESCRIPTION 2153,2U,20,EA,30216,311217,1,20.1147,,,,AWAIT CATEGORY,M,TPUT
PRICELIST,14498S,PRODUCT DESCRIPTION 2154,2X,20,EA,30216,311217,1,21.1147,,,,AWAIT CATEGORY,M,TPUT
PRICELIST,14499M,PRODUCT DESCRIPTION 2155,85,50,PK,30216,311217,1,20.1148,,,,T.CORNER PACK,M,TACC
PRICELIST,14500L,PRODUCT DESCRIPTION 2156,85,50,PK,30216,311217,1,21.1148,,,,T.CORNER PACK,M,TACC
PRICELIST,14501XL,PRODUCT DESCRIPTION 2157,2U,20,EA,30216,311217,1,20.1149,,,,AWAIT CATEGORY,M,TPUT
PRICELIST,14502S,PRODUCT DESCRIPTION 2158,16,10,PK,30216,311217,1,21.1149,,,,AWAIT CATEGORY,M,GB1
PRICELIST,14503M,PRODUCT DESCRIPTION 2159,16,10,PK,30216,311217,1,20.1150,,,,AWAIT CATEGORY,M,GB1
PRICELIST,14504L,PRODUCT DESCRIPTION 2160,2U,20,EA,30216,311217,1,21.1150,,,,AWAIT CATEGORY,M,TPUT
PRICELIST,14505XL,PRODUCT DESCRIPTION 2161,2X,20,EA,30216,311217,1,20.1151,,,,AWAIT CATEGORY,M,TPUT
PRICELIST,14506XXL,PRODUCT DESCRIPTION 2162,85,50,DZ,30216,311217,1,21.1151,,,,TOUR SPORTS DZ,M,TACC
PRICELIST,14507S,PRODUCT DESCRIPTION 2163,85,50,DZ,30216,311217,1,20.1152,,,,AWAIT CATEGORY,M,TACC
PRICELIST,14508M,PRODUCT DESCRIPTION 2164,85,50,DZ,30216,311217,1,21.1152,,,,AWAIT CATEGORY,M,TACC
PRICELIST,14509L,PRODUCT DESCRIPTION 2165,85,50,DZ,30216,311217,1,20.1153,,,,AWAIT CATEGORY,M,TACC
PRICELIST,14510XL,PRODUCT DESCRIPTION 2166,85,50,DZ,30216,311217,1,21.1153,,,,AWAIT CATEGORY,M,TACC
PRICELIST,14511XXL,PRODUCT DESCRIPTION 2167,85,50,DZ,30216,311217,1,20.1154,,,,AWAIT CATEGORY,M,TACC
PRICELIST,14512S,PRODUCT DESCRIPTION 2168,85,50,DZ,30216,311217,1,21.1154,,,,T.JUNIOR CAP DZ,M,TACC
PRICELIST,14513M,PRODUCT DESCRIPTION 2169,85,50,DZ,30216,311217,1,20.1155,,,,AWAIT CATEGORY,M,TACC
PRICELIST,14514L,PRODUCT DESCRIPTION 2170,84,55,EA,30216,311217,1,21.1155,,,,AWAIT CATEGORY,M,TBAG
PRICELIST,14515XL,PRODUCT DESCRIPTION 2171,84,55,EA,30216,311217,1,20.1156,,,,T.CART BAG,M,TBAG
PRICELIST,14516XXL,PRODUCT DESCRIPTION 2172,85,50,DZ,30216,311217,1,21.1156,,,,AWAIT CATEGORY,M,TACC
PRICELIST,14517S,PRODUCT DESCRIPTION 2173,85,50,DZ,30216,311217,1,20.1157,,,,T.JUNIOR CAP DZ,M,TACC
PRICELIST,14518M,PRODUCT DESCRIPTION 2174,84,55,EA,30216,311217,1,21.1157,,,,AWAIT CATEGORY,M,TBAG
PRICELIST,14519L,PRODUCT DESCRIPTION 2175,84,55,EA,30216,311217,1,20.1158,,,,AWAIT CATEGORY,C,TBAG
PRICELIST,14520XL,PRODUCT DESCRIPTION 2176,85,50,EA,30216,311217,1,21.1158,,,,FOC,M,TACC
PRICELIST,14521XXL,PRODUCT DESCRIPTION 2177,84,55,EA,30216,311217,1,20.1159,,,,AWAIT CATEGORY,C,TBAG
PRICELIST,14522S,PRODUCT DESCRIPTION 2178,85,50,EA,30216,311217,1,21.1159,,,,AWAIT CATEGORY,M,TACC
PRICELIST,14523M,PRODUCT DESCRIPTION 2179,85,50,DZ,30216,311217,1,20.1160,,,,AWAIT CATEGORY,M,TACC
PRICELIST,14524L,PRODUCT DESCRIPTION 2180,85,50,DZ,30216,311217,1,21.1160,,,,AWAIT CATEGORY,M,TACC
PRICELIST,14525XL,PRODUCT DESCRIPTION 2181,84,55,EA,30216,311217,1,20.1161,,,,AWAIT CATEGORY,M,TBAG
PRICELIST,14526XXL,PRODUCT DESCRIPTION 2182,85,50,EA,30216,311217,1,21.1161,,,,AWAIT CATEGORY,C,TACC
PRICELIST,14527S,PRODUCT DESCRIPTION 2183,84,55,EA,30216,311217,1,20.1162,,,,AWAIT CATEGORY,M,TBAG
PRICELIST,14528M,PRODUCT DESCRIPTION 2184,85,50,EA,30216,311217,1,21.1162,,,,AWAIT CATEGORY,M,TACC
PRICELIST,14529L,PRODUCT DESCRIPTION 2185,85,50,SIX,30216,311217,1,20.1163,,,,T.JUNIOR CAP DZ,M,TACC
PRICELIST,14530XL,PRODUCT DESCRIPTION 2186,85,50,SIX,30216,311217,1,21.1163,,,,T.JUNIOR CAP DZ,M,TACC
PRICELIST,14531XXL,PRODUCT DESCRIPTION 2187,85,50,EA,30216,311217,1,20.1164,,,,AWAIT CATEGORY,M,TACC
PRICELIST,14532S,PRODUCT DESCRIPTION 2188,85,50,EA,30216,311217,1,21.1164,,,,AWAIT CATEGORY,C,TACC
PRICELIST,14533M,PRODUCT DESCRIPTION 2189,85,50,EA,30216,311217,1,20.1165,,,,DUFFEL BAG,C,TACC
PRICELIST,14534L,PRODUCT DESCRIPTION 2190,85,50,EA,30216,311217,1,21.1165,,,,BACKPACK,C,TACC
PRICELIST,14535XL,PRODUCT DESCRIPTION 2191,85,50,EA,30216,311217,1,20.1166,,,,T.MESSENGER BAG,M,TACC
PRICELIST,14536XXL,PRODUCT DESCRIPTION 2192,85,50,EA,30216,311217,1,21.1166,,,,BRIEFCASE,M,TACC
PRICELIST,14537S,PRODUCT DESCRIPTION 2193,85,50,EA,30216,311217,1,20.1167,,,,AWAIT CATEGORY,M,TACC
PRICELIST,14538M,PRODUCT DESCRIPTION 2194,85,50,EA,30216,311217,1,21.1167,,,,AWAIT CATEGORY,C,TACC
PRICELIST,14539L,PRODUCT DESCRIPTION 2195,11,10,DZ,30216,311217,1,20.1168,,,,PRO V1,M,GB1
PRICELIST,14540XL,PRODUCT DESCRIPTION 2196,84,55,EA,30216,311217,1,21.1168,,,,AWAIT CATEGORY,M,TBAG
PRICELIST,14541XXL,PRODUCT DESCRIPTION 2197,85,50,EA,30216,311217,1,20.1169,,,,S/CANOPY UMBREL,C,TACC
PRICELIST,14542S,PRODUCT DESCRIPTION 2198,07,50,SET,30216,311217,1,21.1169,,,,AWAIT CATEGORY,C,NODS
PRICELIST,14543M,PRODUCT DESCRIPTION 2199,11,10,DZ,30216,311217,1,20.1170,,LOGO,,AWAIT CATEGORY,M,PING
PRICELIST,14544L,PRODUCT DESCRIPTION 2200,10,10,DZ,30216,311217,1,21.1170,,,,AWAIT CATEGORY,M,GB1
PRICELIST,14545XL,PRODUCT DESCRIPTION 2201,85,50,EA,30216,311217,1,20.1171,,,,TOUR SPORTS DZ,M,TACC
PRICELIST,14546XXL,PRODUCT DESCRIPTION 2202,10,10,DZ,30216,311217,1,21.1171,,,,AWAIT CATEGORY,M,PINN
PRICELIST,14547S,PRODUCT DESCRIPTION 2203,85,50,EA,30216,311217,1,20.1172,,,,AWAIT CATEGORY,M,TACC
PRICELIST,14548M,PRODUCT DESCRIPTION 2204,85,50,EA,30216,311217,1,21.1172,,,,AWAIT CATEGORY,M,TACC
PRICELIST,14549L,PRODUCT DESCRIPTION 2205,85,50,EA,30216,311217,1,20.1173,,,,AWAIT CATEGORY,M,TACC
PRICELIST,14550XL,PRODUCT DESCRIPTION 2206,85,50,EA,30216,311217,1,21.1173,,,,AWAIT CATEGORY,M,TACC
PRICELIST,14551XXL,PRODUCT DESCRIPTION 2207,85,50,EA,30216,311217,1,20.1174,,,,AWAIT CATEGORY,M,TACC
PRICELIST,14552S,PRODUCT DESCRIPTION 2208,85,50,EA,30216,311217,1,21.1174,,,,T.JUNIOR CAP DZ,M,TACC
PRICELIST,14553M,PRODUCT DESCRIPTION 2209,85,50,EA,30216,311217,1,20.1175,,,,AWAIT CATEGORY,M,TACC
PRICELIST,14554L,PRODUCT DESCRIPTION 2210,85,50,EA,30216,311217,1,21.1175,,,,AWAIT CATEGORY,M,TACC
PRICELIST,14555XL,PRODUCT DESCRIPTION 2211,85,50,EA,30216,311217,1,20.1176,,,,T.JUNIOR CAP DZ,M,TACC
PRICELIST,14556XXL,PRODUCT DESCRIPTION 2212,85,50,EA,30216,311217,1,21.1176,,,,T.JUNIOR CAP DZ,M,TACC
PRICELIST,14557S,PRODUCT DESCRIPTION 2213,85,50,EA,30216,311217,1,20.1177,,,,T.JUNIOR CAP DZ,M,TACC
PRICELIST,14558M,PRODUCT DESCRIPTION 2214,85,50,EA,30216,311217,1,21.1177,,,,POUCH,M,TACC
PRICELIST,14559L,PRODUCT DESCRIPTION 2215,85,50,EA,30216,311217,1,20.1178,,,,AWAIT CATEGORY,M,TACC
PRICELIST,14560XL,PRODUCT DESCRIPTION 2216,85,50,EA,30216,311217,1,21.1178,,,,AWAIT CATEGORY,M,TACC
PRICELIST,14561XXL,PRODUCT DESCRIPTION 2217,8Z,50,EA,30216,311217,1,20.1179,,TACC,,AWAIT CATEGORY,C,NODS
PRICELIST,14562S,PRODUCT DESCRIPTION 2218,10,10,PK,30216,311217,1,21.1179,,,N,PRO V1,M,GB1
PRICELIST,14563M,PRODUCT DESCRIPTION 2219,8Z,50,EA,30216,311217,1,20.1180,,TACC,,AWAIT CATEGORY,C,NODS
PRICELIST,14564L,PRODUCT DESCRIPTION 2220,10,10,PK,30216,311217,1,21.1180,,,,AWAIT CATEGORY,M,GB1
PRICELIST,14565XL,PRODUCT DESCRIPTION 2221,10,10,PK,30216,311217,1,20.1181,,,,AWAIT CATEGORY,M,GB1
PRICELIST,14566XXL,PRODUCT DESCRIPTION 2222,10,10,PK,30216,311217,1,21.1181,,,,AWAIT CATEGORY,M,GB1
PRICELIST,14567S,PRODUCT DESCRIPTION 2223,10,10,PK,30216,311217,1,20.1182,,,,AWAIT CATEGORY,M,GB1
PRICELIST,14568M,PRODUCT DESCRIPTION 2224,07,50,SET,30216,311217,5000,21.1182,,,,AWAIT CATEGORY,C,NODS
PRICELIST,14569L,PRODUCT DESCRIPTION 2225,07,50,SET,30216,311217,2000,20.1183,,,,AWAIT CATEGORY,C,NODS
PRICELIST,14570XL,PRODUCT DESCRIPTION 2226,07,50,SET,30216,311217,1,21.1183,,,,AWAIT CATEGORY,C,NODS
PRICELIST,14571XXL,PRODUCT DESCRIPTION 2227,8O,67,EA,30216,311217,1,20.1184,,,,AWAIT CATEGORY,M,FJAP
PRICELIST,14572S,PRODUCT DESCRIPTION 2228,8O,67,EA,30216,311217,1,21.1184,,,,AWAIT CATEGORY,M,FJAP
PRICELIST,14573M,PRODUCT DESCRIPTION 2229,9O,60,PR,30216,311217,1,20.1185,,,,AWAIT CATEGORY,M,FJ1
PRICELIST,14574L,PRODUCT DESCRIPTION 2230,4G,40,EA,30216,311217,1,21.1185,,,,RAINGRIP EXTREM,C,FGLV
PRICELIST,14575XL,PRODUCT DESCRIPTION 2231,9B,60,PR,30216,311217,1,20.1186,,,,AWAIT CATEGORY,M,FJ1
PRICELIST,14576XXL,PRODUCT DESCRIPTION 2232,8O,67,EA,30216,311217,1,21.1186,,,,AWAIT CATEGORY,M,FJAP
PRICELIST,14577S,PRODUCT DESCRIPTION 2233,84,55,EA,30216,311217,1,20.1187,,,N,AWAIT CATEGORY,C,TBAG
PRICELIST,14578M,PRODUCT DESCRIPTION 2234,9H,60,PR,30216,311217,1,21.1187,,,,AWAIT CATEGORY,M,FJ1
PRICELIST,14579L,PRODUCT DESCRIPTION 2235,9H,60,PR,30216,311217,1,20.1188,,,,AWAIT CATEGORY,M,FJ1
PRICELIST,14580XL,PRODUCT DESCRIPTION 2236,2D,20,EA,30216,311217,1,21.1188,,,N,910D2/D3,C,TMET
PRICELIST,14581XXL,PRODUCT DESCRIPTION 2237,4R,40,EA,30216,311217,1,20.1189,,,,FJ ATTITUDES,M,FGLV
PRICELIST,14582S,PRODUCT DESCRIPTION 2238,9H,60,PR,30216,311217,1,21.1189,,,,AWAIT CATEGORY,M,FJ1
PRICELIST,14583M,PRODUCT DESCRIPTION 2239,9H,60,PR,30216,311217,1,20.1190,,,,AWAIT CATEGORY,M,FJ1
PRICELIST,14584L,PRODUCT DESCRIPTION 2240,8C,67,EA,30216,311217,1,21.1190,,,,FJ P. S/SH JKT,M,FJOW
PRICELIST,14585XL,PRODUCT DESCRIPTION 2241,8C,67,EA,30216,311217,1,20.1191,,,,FJ P. S/SH JKT,M,FJOW
PRICELIST,14586XXL,PRODUCT DESCRIPTION 2242,8C,67,EA,30216,311217,1,21.1191,,,,FJ P. S/SH JKT,M,FJOW
PRICELIST,14587S,PRODUCT DESCRIPTION 2243,4E,40,EA,30216,311217,1,20.1192,,,,AWAIT CATEGORY,M,FGLV
PRICELIST,14588M,PRODUCT DESCRIPTION 2244,8C,67,EA,30216,311217,1,21.1192,,,,AWAIT CATEGORY,M,FJOW
PRICELIST,14589L,PRODUCT DESCRIPTION 2245,8Q,67,PR,30216,311217,1,20.1193,,,,AWAIT CATEGORY,M,FJAP
PRICELIST,14590XL,PRODUCT DESCRIPTION 2246,4R,40,EA,30216,311217,1,21.1193,,,,FJ ATTITUDES,M,FGLV
PRICELIST,14591XXL,PRODUCT DESCRIPTION 2247,4R,40,EA,30216,311217,1,20.1194,,,,FJ ATTITUDES,M,FGLV
PRICELIST,14592S,PRODUCT DESCRIPTION 2248,9H,60,PR,30216,311217,1,21.1194,,,,AWAIT CATEGORY,M,FJ1
PRICELIST,14593M,PRODUCT DESCRIPTION 2249,10,10,DZ,30216,311217,1,20.1195,,,,AWAIT CATEGORY,C,GB1
PRICELIST,14594L,PRODUCT DESCRIPTION 2250,8B,67,EA,30216,311217,1,21.1195,,,,AWAIT CATEGORY,M,FJOW
PRICELIST,14595XL,PRODUCT DESCRIPTION 2251,89,60,PR,30216,311217,1,20.1196,,,,MYJOYS,M,NSDS
PRICELIST,14596XXL,PRODUCT DESCRIPTION 2252,12,10,DZ,30216,311217,1,21.1196,,,,AWAIT CATEGORY,C,NODS
PRICELIST,14597S,PRODUCT DESCRIPTION 2253,4C,40,EA,30216,311217,1,20.1197,,,,SCIFLEX,C,FGLV
PRICELIST,14598M,PRODUCT DESCRIPTION 2254,4C,40,EA,30216,311217,1,21.1197,,,,SCIFLEX,C,FGLV
PRICELIST,14599L,PRODUCT DESCRIPTION 2255,9K,60,PR,30216,311217,1,20.1198,,,,AWAIT CATEGORY,M,FJ1
PRICELIST,14600XL,PRODUCT DESCRIPTION 2256,9H,60,PR,30216,311217,1,21.1198,,,,AWAIT CATEGORY,M,FJ1
PRICELIST,14601XXL,PRODUCT DESCRIPTION 2257,9H,60,PR,30216,311217,1,20.1199,,,,AWAIT CATEGORY,M,FJ1
PRICELIST,14602S,PRODUCT DESCRIPTION 2258,9K,60,PR,30216,311217,1,21.1199,,,,AWAIT CATEGORY,M,FJ1
PRICELIST,14603M,PRODUCT DESCRIPTION 2259,4E,40,SIX,30216,311217,1,20.1200,,,,AWAIT CATEGORY,M,FGLV
PRICELIST,14604L,PRODUCT DESCRIPTION 2260,95,70,DZ,30216,311217,1,21.1200,,,,AWAIT CATEGORY,M,SCK1
PRICELIST,14605XL,PRODUCT DESCRIPTION 2261,9S,60,PR,30216,311217,1,20.1201,,,,AWAIT CATEGORY,M,FJ1
PRICELIST,14606XXL,PRODUCT DESCRIPTION 2262,8Y,80,EA,30216,311217,1,21.1201,,,,AWAIT CATEGORY,C,NODS
PRICELIST,14607S,PRODUCT DESCRIPTION 2263,9Q,60,PR,30216,311217,1,20.1202,,,,AWAIT CATEGORY,M,FJ1
PRICELIST,14608M,PRODUCT DESCRIPTION 2264,4R,40,EA,30216,311217,1,21.1202,,,,AWAIT CATEGORY,M,FGLV
PRICELIST,14609L,PRODUCT DESCRIPTION 2265,4F,40,EA,30216,311217,1,20.1203,,,,STASOF,M,FGLV
PRICELIST,14610XL,PRODUCT DESCRIPTION 2266,4F,40,EA,30216,311217,1,21.1203,,,,CABRETTASOF,M,FGLV
PRICELIST,14611XXL,PRODUCT DESCRIPTION 2267,8Z,10,EA,30216,311217,12,20.1204,,PCHG,,AWAIT CATEGORY,C,NODS
PRICELIST,14612S,PRODUCT DESCRIPTION 2268,95,70,PR,30216,311217,1,21.1204,,,,AWAIT CATEGORY,M,SCK1
PRICELIST,14613M,PRODUCT DESCRIPTION 2269,95,70,PR,30216,311217,1,20.1205,,,,AWAIT CATEGORY,M,SCK1
PRICELIST,14614L,PRODUCT DESCRIPTION 2270,95,70,PR,30216,311217,1,21.1205,,,,AWAIT CATEGORY,M,SCK1
PRICELIST,14615XL,PRODUCT DESCRIPTION 2271,8Z,10,EA,30216,311217,72,20.1206,,PCHG,,AWAIT CATEGORY,C,NODS
PRICELIST,14616XXL,PRODUCT DESCRIPTION 2272,8Z,10,EA,30216,311217,1,21.1206,,PCHG,,AWAIT CATEGORY,C,NODS
PRICELIST,14617S,PRODUCT DESCRIPTION 2273,8Z,10,EA,30216,311217,12,20.1207,,PCHG,,AWAIT CATEGORY,C,NODS
PRICELIST,14618M,PRODUCT DESCRIPTION 2274,8Z,10,EA,30216,311217,72,21.1207,,PCHG,,AWAIT CATEGORY,C,NODS
PRICELIST,14619L,PRODUCT DESCRIPTION 2275,8Z,10,EA,30216,311217,1,20.1208,,SET1,,AWAIT CATEGORY,C,NODS
PRICELIST,14620XL,PRODUCT DESCRIPTION 2276,8Z,10,EA,30216,311217,1,21.1208,,SET3,,AWAIT CATEGORY,C,NODS
PRICELIST,14621XXL,PRODUCT DESCRIPTION 2277,8Z,10,EA,30216,311217,200,20.1209,,SET1,N,AWAIT CATEGORY,C,NODS
PRICELIST,14622S,PRODUCT DESCRIPTION 2278,8Z,10,EA,30216,311217,200,21.1209,,SET3,N,AWAIT CATEGORY,C,NODS
PRICELIST,14623M,PRODUCT DESCRIPTION 2279,8Z,10,EA,30216,311217,1,20.1210,,TDCH,,AWAIT CATEGORY,C,NODS
PRICELIST,14624L,PRODUCT DESCRIPTION 2280,8Z,10,EA,30216,311217,144,21.1210,,TDCH,N,AWAIT CATEGORY,C,NODS
PRICELIST,14625XL,PRODUCT DESCRIPTION 2281,8Z,10,EA,30216,311217,3,20.1211,,PDCH,,AWAIT CATEGORY,C,NODS
PRICELIST,14626XXL,PRODUCT DESCRIPTION 2282,8Z,10,EA,30216,311217,72,21.1211,,PDCH,,AWAIT CATEGORY,C,NODS
PRICELIST,14627S,PRODUCT DESCRIPTION 2283,11,10,DZ,30216,311217,1,20.1212,,,,AWAIT CATEGORY,M,PING
PRICELIST,14628M,PRODUCT DESCRIPTION 2284,8Z,10,EA,30216,311217,1,21.1212,,TCHG,,AWAIT CATEGORY,C,NODS
PRICELIST,14629L,PRODUCT DESCRIPTION 2285,8Z,10,EA,30216,311217,12,20.1213,,TCHG,,AWAIT CATEGORY,C,NODS
PRICELIST,14630XL,PRODUCT DESCRIPTION 2286,8Z,10,EA,30216,311217,24,21.1213,,TCHG,,AWAIT CATEGORY,C,NODS
PRICELIST,14631XXL,PRODUCT DESCRIPTION 2287,8Z,10,EA,30216,311217,48,20.1214,,TCHG,,AWAIT CATEGORY,C,NODS
PRICELIST,14632S,PRODUCT DESCRIPTION 2288,8Z,10,EA,30216,311217,95,21.1214,,TCHG,,AWAIT CATEGORY,C,NODS
PRICELIST,14633M,PRODUCT DESCRIPTION 2289,8Z,10,EA,30216,311217,144,20.1215,,TCHG,N,AWAIT CATEGORY,C,NODS
PRICELIST,14634L,PRODUCT DESCRIPTION 2290,8Z,10,EA,30216,311217,1,21.1215,,TCHG,,AWAIT CATEGORY,C,NODS
PRICELIST,14635XL,PRODUCT DESCRIPTION 2291,8Z,10,EA,30216,311217,12,20.1216,,TCHG,,AWAIT CATEGORY,C,NODS
PRICELIST,14636XXL,PRODUCT DESCRIPTION 2292,8Z,10,EA,30216,311217,24,21.1216,,TCHG,,AWAIT CATEGORY,C,NODS
PRICELIST,14637S,PRODUCT DESCRIPTION 2293,8Z,10,EA,30216,311217,48,20.1217,,TCHG,,AWAIT CATEGORY,C,NODS
PRICELIST,14638M,PRODUCT DESCRIPTION 2294,8Z,10,EA,30216,311217,95,21.1217,,TCHG,,AWAIT CATEGORY,C,NODS
PRICELIST,14639L,PRODUCT DESCRIPTION 2295,8Z,10,EA,30216,311217,144,20.1218,,TCHG,N,AWAIT CATEGORY,C,NODS
PRICELIST,14640XL,PRODUCT DESCRIPTION 2296,8Z,10,EA,30216,311217,1,21.1218,,PCHG,,AWAIT CATEGORY,C,NODS
PRICELIST,14641XXL,PRODUCT DESCRIPTION 2297,8Z,10,EA,30216,311217,12,20.1219,,PCHG,,AWAIT CATEGORY,C,NODS
PRICELIST,14642S,PRODUCT DESCRIPTION 2298,8Z,10,EA,30216,311217,72,21.1219,,PCHG,,AWAIT CATEGORY,C,NODS
PRICELIST,14643M,PRODUCT DESCRIPTION 2299,8Z,10,EA,30216,311217,1,20.1220,,PCHG,,AWAIT CATEGORY,C,NODS
PRICELIST,14644L,PRODUCT DESCRIPTION 2300,8Z,10,EA,30216,311217,12,21.1220,,PCHG,,AWAIT CATEGORY,C,NODS
PRICELIST,14645XL,PRODUCT DESCRIPTION 2301,8Z,10,EA,30216,311217,72,20.1221,,PCHG,,AWAIT CATEGORY,C,NODS
PRICELIST,14646XXL,PRODUCT DESCRIPTION 2302,9U,60,PR,30216,311217,1,21.1221,,,,AWAIT CATEGORY,M,FJ1
PRICELIST,14647S,PRODUCT DESCRIPTION 2303,9U,60,PR,30216,311217,1,20.1222,,,,AWAIT CATEGORY,M,FJ1
PRICELIST,14648M,PRODUCT DESCRIPTION 2304,9U,60,PR,30216,311217,1,21.1222,,,,AWAIT CATEGORY,M,FJ1
PRICELIST,14649L,PRODUCT DESCRIPTION 2305,9U,60,PR,30216,311217,1,20.1223,,,,AWAIT CATEGORY,M,FJ1
PRICELIST,14650XL,PRODUCT DESCRIPTION 2306,9U,60,PR,30216,311217,1,21.1223,,,,AWAIT CATEGORY,M,FJ1
PRICELIST,14651XXL,PRODUCT DESCRIPTION 2307,88,70,PR,30216,311217,1,20.1224,,,,P/D EX QTR WM 6,C,SCK1
PRICELIST,14652S,PRODUCT DESCRIPTION 2308,88,70,PR,30216,311217,1,21.1224,,,,P/D EX QTR WM 6,C,SCK1
PRICELIST,14653M,PRODUCT DESCRIPTION 2309,88,70,PR,30216,311217,1,20.1225,,,,P/D EX QTR WM 6,C,SCK1
PRICELIST,14654L,PRODUCT DESCRIPTION 2310,88,70,PR,30216,311217,1,21.1225,,,,P/D EX QTR WM 6,C,SCK1
PRICELIST,14655XL,PRODUCT DESCRIPTION 2311,88,70,PR,30216,311217,1,20.1226,,,,P/D EX QTR WM 6,C,SCK1
PRICELIST,14656XXL,PRODUCT DESCRIPTION 2312,88,70,PR,30216,311217,1,21.1226,,,,P/D EX QTR WM 6,C,SCK1
PRICELIST,14657S,PRODUCT DESCRIPTION 2313,4G,40,PR,30216,311217,1,20.1227,,,,RAINGRIP EXTREM,M,FGLV
PRICELIST,14658M,PRODUCT DESCRIPTION 2314,4G,40,PR,30216,311217,1,21.1227,,,,RAINGRIP EXTREM,M,FGLV
PRICELIST,14659L,PRODUCT DESCRIPTION 2315,8M,67,EA,30216,311217,1,20.1228,,,,AWAIT CATEGORY,M,FJAP
PRICELIST,14660XL,PRODUCT DESCRIPTION 2316,8M,67,EA,30216,311217,1,21.1228,,,,AWAIT CATEGORY,M,FJAP
PRICELIST,14661XXL,PRODUCT DESCRIPTION 2317,8M,67,EA,30216,311217,1,20.1229,,,,AWAIT CATEGORY,M,FJAP
PRICELIST,14662S,PRODUCT DESCRIPTION 2318,95,70,SIX,30216,311217,1,21.1229,,,,AWAIT CATEGORY,M,SCK1
PRICELIST,14663M,PRODUCT DESCRIPTION 2319,95,70,SIX,30216,311217,1,20.1230,,,,AWAIT CATEGORY,M,SCK1
PRICELIST,14664L,PRODUCT DESCRIPTION 2320,95,70,SIX,30216,311217,1,21.1230,,,,AWAIT CATEGORY,M,SCK1
PRICELIST,14665XL,PRODUCT DESCRIPTION 2321,95,70,SIX,30216,311217,1,20.1231,,,,AWAIT CATEGORY,M,SCK1
PRICELIST,14666XXL,PRODUCT DESCRIPTION 2322,95,70,SIX,30216,311217,1,21.1231,,,,AWAIT CATEGORY,M,SCK1
PRICELIST,14667S,PRODUCT DESCRIPTION 2323,2B,20,EA,30216,311217,1,20.1232,,,,AWAIT CATEGORY,C,TIRN
PRICELIST,14668M,PRODUCT DESCRIPTION 2324,2B,20,EA,30216,311217,1,21.1232,,,,AWAIT CATEGORY,C,TIRN
PRICELIST,14669L,PRODUCT DESCRIPTION 2325,2K,20,EA,30216,311217,1,20.1233,,,,CHARGE,C,NODS
PRICELIST,14670XL,PRODUCT DESCRIPTION 2326,06,40,EA,30216,311217,1,21.1233,,,,AWAIT CATEGORY,M,FGLV
PRICELIST,14671XXL,PRODUCT DESCRIPTION 2327,89,60,PR,30216,311217,1,20.1234,,,,MYJOYS,M,NSDS
PRICELIST,14672S,PRODUCT DESCRIPTION 2328,8Y,80,EA,30216,311217,1,21.1234,,,,AWAIT CATEGORY,C,NODS
PRICELIST,14673M,PRODUCT DESCRIPTION 2329,88,70,PR,30216,311217,1,20.1235,,,,P/D EX QTR WM 6,C,SCK1
PRICELIST,14674L,PRODUCT DESCRIPTION 2330,8O,67,EA,30216,311217,1,21.1235,,,,AWAIT CATEGORY,M,FJAP
PRICELIST,14675XL,PRODUCT DESCRIPTION 2331,88,70,PR,30216,311217,1,20.1236,,,,P/D EX QTR WM 6,C,SCK1
PRICELIST,14676S,PRODUCT DESCRIPTION 2332,88,70,PR,30216,311217,1,21.1236,,,,P/D EX QTR WM 6,C,SCK1
PRICELIST,14677M,PRODUCT DESCRIPTION 2333,85,50,PR,30216,311217,1,20.1237,,,,AWAIT CATEGORY,C,TACC
PRICELIST,14678L,PRODUCT DESCRIPTION 2334,8M,67,EA,30216,311217,1,21.1237,,,,AWAIT CATEGORY,M,FJAP
PRICELIST,14679XL,PRODUCT DESCRIPTION 2335,8M,67,EA,30216,311217,1,20.1238,,,,AWAIT CATEGORY,C,FJAP
PRICELIST,14680XXL,PRODUCT DESCRIPTION 2336,8M,67,EA,30216,311217,1,21.1238,,,,AWAIT CATEGORY,M,FJAP
PRICELIST,14681S,PRODUCT DESCRIPTION 2337,8M,67,EA,30216,311217,1,20.1239,,,,AWAIT CATEGORY,M,FJAP
PRICELIST,14682M,PRODUCT DESCRIPTION 2338,8M,67,EA,30216,311217,1,21.1239,,,,AWAIT CATEGORY,M,FJAP
PRICELIST,14683L,PRODUCT DESCRIPTION 2339,8M,67,EA,30216,311217,1,20.1240,,,,AWAIT CATEGORY,M,FJAP
PRICELIST,14684XL,PRODUCT DESCRIPTION 2340,8M,67,EA,30216,311217,1,21.1240,,,,AWAIT CATEGORY,M,FJAP
PRICELIST,14685XXL,PRODUCT DESCRIPTION 2341,8T,67,EA,30216,311217,1,20.1241,,,,AWAIT CATEGORY,M,FJAP
PRICELIST,14686S,PRODUCT DESCRIPTION 2342,8T,67,EA,30216,311217,1,21.1241,,,,AWAIT CATEGORY,M,FJAP
PRICELIST,14687M,PRODUCT DESCRIPTION 2343,8T,67,EA,30216,311217,1,20.1242,,,,AWAIT CATEGORY,M,FJAP
PRICELIST,14688L,PRODUCT DESCRIPTION 2344,8T,67,EA,30216,311217,1,21.1242,,,,AWAIT CATEGORY,M,FJAP
PRICELIST,14689XL,PRODUCT DESCRIPTION 2345,8T,67,EA,30216,311217,1,20.1243,,,,AWAIT CATEGORY,M,FJAP
PRICELIST,14690XXL,PRODUCT DESCRIPTION 2346,8T,67,EA,30216,311217,1,21.1243,,,,AWAIT CATEGORY,M,FJAP
PRICELIST,14691S,PRODUCT DESCRIPTION 2347,8T,67,EA,30216,311217,1,20.1244,,,,AWAIT CATEGORY,M,FJAP
PRICELIST,14692M,PRODUCT DESCRIPTION 2348,8T,67,EA,30216,311217,1,21.1244,,,,AWAIT CATEGORY,M,FJAP
PRICELIST,14693L,PRODUCT DESCRIPTION 2349,8M,67,EA,30216,311217,1,20.1245,,,,AWAIT CATEGORY,M,FJAP
PRICELIST,14694XL,PRODUCT DESCRIPTION 2350,88,70,DZ,30216,311217,1,21.1245,,,,P/D EX QTR WM 6,C,SCK1
PRICELIST,14695XXL,PRODUCT DESCRIPTION 2351,88,70,DZ,30216,311217,1,20.1246,,,,P/D EX QTR WM 6,C,SCK1
PRICELIST,14696S,PRODUCT DESCRIPTION 2352,88,70,DZ,30216,311217,1,21.1246,,,,P/D EX QTR WM 6,C,SCK1
PRICELIST,14697M,PRODUCT DESCRIPTION 2353,88,70,DZ,30216,311217,1,20.1247,,,,P/D EX QTR WM 6,C,SCK1
PRICELIST,14698L,PRODUCT DESCRIPTION 2354,88,70,DZ,30216,311217,1,21.1247,,,,P/D EX QTR WM 6,C,SCK1
PRICELIST,14699XL,PRODUCT DESCRIPTION 2355,88,70,DZ,30216,311217,1,20.1248,,,,P/D EX QTR WM 6,C,SCK1
PRICELIST,14700XXL,PRODUCT DESCRIPTION 2356,88,70,DZ,30216,311217,1,21.1248,,,,P/D EX QTR WM 6,C,SCK1
PRICELIST,14701S,PRODUCT DESCRIPTION 2357,88,70,DZ,30216,311217,1,20.1249,,,,P/D EX QTR WM 6,C,SCK1
PRICELIST,14702M,PRODUCT DESCRIPTION 2358,98,80,EA,30216,311217,1,21.1249,,,,WINT H/WEAR DZ,C,FJAC
PRICELIST,14703L,PRODUCT DESCRIPTION 2359,98,80,EA,30216,311217,1,20.1250,,,,WINT H/WEAR DZ,C,FJAC
PRICELIST,14704XL,PRODUCT DESCRIPTION 2360,88,70,DZ,30216,311217,1,21.1250,,,,P/D EX QTR WM 6,C,SCK1
PRICELIST,14705XXL,PRODUCT DESCRIPTION 2361,88,70,DZ,30216,311217,1,20.1251,,,,P/D EX QTR WM 6,C,SCK1
PRICELIST,14706S,PRODUCT DESCRIPTION 2362,9K,60,PR,30216,311217,1,21.1251,,,,AWAIT CATEGORY,M,FJ1
PRICELIST,14707M,PRODUCT DESCRIPTION 2363,9K,60,PR,30216,311217,1,20.1252,,,,AWAIT CATEGORY,M,FJ1
PRICELIST,14708L,PRODUCT DESCRIPTION 2364,9K,60,PR,30216,311217,1,21.1252,,,,AWAIT CATEGORY,M,FJ1
PRICELIST,14709XL,PRODUCT DESCRIPTION 2365,9K,60,PR,30216,311217,1,20.1253,,,,AWAIT CATEGORY,M,FJ1
PRICELIST,14710XXL,PRODUCT DESCRIPTION 2366,9K,60,PR,30216,311217,1,21.1253,,,,AWAIT CATEGORY,M,FJ1
PRICELIST,14711S,PRODUCT DESCRIPTION 2367,9K,60,PR,30216,311217,1,20.1254,,,,AWAIT CATEGORY,M,FJ1
PRICELIST,14712M,PRODUCT DESCRIPTION 2368,9O,60,PR,30216,311217,1,21.1254,,,,AWAIT CATEGORY,M,FJ1
PRICELIST,14713L,PRODUCT DESCRIPTION 2369,9O,60,PR,30216,311217,1,20.1255,,,,AWAIT CATEGORY,M,FJ1
PRICELIST,14714XL,PRODUCT DESCRIPTION 2370,4C,40,EA,30216,311217,1,21.1255,,,,SCIFLEX,M,FGLV
PRICELIST,14715XXL,PRODUCT DESCRIPTION 2371,4C,40,EA,30216,311217,1,20.1256,,,,SCIFLEX,M,FGLV
PRICELIST,14716S,PRODUCT DESCRIPTION 2372,4C,40,EA,30216,311217,1,21.1256,,,,SCIFLEX,M,FGLV
PRICELIST,14717M,PRODUCT DESCRIPTION 2373,4C,40,EA,30216,311217,1,20.1257,,,,SCIFLEX,M,FGLV
PRICELIST,14718L,PRODUCT DESCRIPTION 2374,4E,40,EA,30216,311217,1,21.1257,,,,AWAIT CATEGORY,M,FGLV
PRICELIST,14719XL,PRODUCT DESCRIPTION 2375,4E,40,EA,30216,311217,1,20.1258,,,,AWAIT CATEGORY,M,FGLV
PRICELIST,14720XXL,PRODUCT DESCRIPTION 2376,4E,40,EA,30216,311217,1,21.1258,,,,AWAIT CATEGORY,M,FGLV
PRICELIST,14721S,PRODUCT DESCRIPTION 2377,4F,40,EA,30216,311217,1,20.1259,,,,STASOF,M,FGLV
PRICELIST,14722M,PRODUCT DESCRIPTION 2378,4H,40,EA,30216,311217,1,21.1259,,,,FOOTJOY JUNIOR,M,FGLV
PRICELIST,14723L,PRODUCT DESCRIPTION 2379,HE,40,EA,30216,311217,1,20.1260,,,,AWAIT CATEGORY,C,FGLV
PRICELIST,14724XL,PRODUCT DESCRIPTION 2380,HG,40,EA,30216,311217,1,21.1260,,,,Q MARK W/SOF,C,FGLV
PRICELIST,14725XXL,PRODUCT DESCRIPTION 2381,98,80,EA,30216,311217,1,20.1261,,,,AWAIT CATEGORY,M,FJAC
PRICELIST,14726S,PRODUCT DESCRIPTION 2382,98,80,EA,30216,311217,1,21.1261,,,,AWAIT CATEGORY,M,FJAC
PRICELIST,14727M,PRODUCT DESCRIPTION 2383,98,80,EA,30216,311217,1,20.1262,,,,AWAIT CATEGORY,M,FJAC
PRICELIST,14728L,PRODUCT DESCRIPTION 2384,8M,67,EA,30216,311217,1,21.1262,,,,AWAIT CATEGORY,M,FJAP
PRICELIST,14729XL,PRODUCT DESCRIPTION 2385,85,50,EA,30216,311217,1,20.1263,,,,AWAIT CATEGORY,M,TACC
PRICELIST,14730XXL,PRODUCT DESCRIPTION 2386,85,50,EA,30216,311217,1,21.1263,,,,AWAIT CATEGORY,M,TACC
PRICELIST,14731S,PRODUCT DESCRIPTION 2387,11,10,DZ,30216,311217,1,20.1264,,,,PRACTICE B NXT,C,NODS
PRICELIST,14732M,PRODUCT DESCRIPTION 2388,12,10,DZ,30216,311217,1,21.1264,,,,PRACTICE B NXT,C,NODS
PRICELIST,14733L,PRODUCT DESCRIPTION 2389,07,50,SET,30216,311217,1,20.1265,,,,AWAIT CATEGORY,C,NODS
PRICELIST,14734XL,PRODUCT DESCRIPTION 2390,98,80,EA,30216,311217,1,21.1265,,,,AWAIT CATEGORY,M,FJAC
PRICELIST,14735XXL,PRODUCT DESCRIPTION 2391,9J,60,PR,30216,311217,1,20.1266,,,,AWAIT CATEGORY,M,FJ1
PRICELIST,14736S,PRODUCT DESCRIPTION 2392,9J,60,PR,30216,311217,1,21.1266,,,,AWAIT CATEGORY,M,FJ1
PRICELIST,14737M,PRODUCT DESCRIPTION 2393,8B,67,EA,30216,311217,1,20.1267,,,,AWAIT CATEGORY,C,FJOW
PRICELIST,14738L,PRODUCT DESCRIPTION 2394,8Z,50,EA,30216,311217,3,21.1267,,TACC,,AWAIT CATEGORY,C,NODS
PRICELIST,14739XL,PRODUCT DESCRIPTION 2395,8Z,50,EA,30216,311217,1,20.1268,,,,AWAIT CATEGORY,C,NODS
PRICELIST,14740XXL,PRODUCT DESCRIPTION 2396,HA,40,EA,30216,311217,1,21.1268,,,,STASOF,C,FGLV
PRICELIST,14741S,PRODUCT DESCRIPTION 2397,8Y,67,EA,30216,311217,1,20.1269,,,,AWAIT CATEGORY,C,NODS
PRICELIST,14742M,PRODUCT DESCRIPTION 2398,8Y,67,EA,30216,311217,1,21.1269,,,,AWAIT CATEGORY,C,NODS
PRICELIST,14743L,PRODUCT DESCRIPTION 2399,89,60,PR,30216,311217,1,20.1270,,,,MYJOYS,M,NSDS
PRICELIST,14744XL,PRODUCT DESCRIPTION 2400,4F,40,EA,30216,311217,1,21.1270,,,,SOFJOY (SMU),C,FGLV
PRICELIST,14745XXL,PRODUCT DESCRIPTION 2401,4F,40,EA,30216,311217,1,20.1271,,,,SOFJOY (SMU),M,FGLV
PRICELIST,14746S,PRODUCT DESCRIPTION 2402,4F,40,EA,30216,311217,1,21.1271,,,,SOFJOY (SMU),M,FGLV
PRICELIST,14747M,PRODUCT DESCRIPTION 2403,8Y,67,EA,30216,311217,1,20.1272,,,,AWAIT CATEGORY,C,NODS
PRICELIST,14748L,PRODUCT DESCRIPTION 2404,HD,40,EA,30216,311217,1,21.1272,,,,Q MARK SCIFLEX,C,FGLV
PRICELIST,14749XL,PRODUCT DESCRIPTION 2405,8B,67,EA,30216,311217,1,20.1273,,,,AWAIT CATEGORY,M,FJOW
PRICELIST,14750XXL,PRODUCT DESCRIPTION 2406,8B,67,EA,30216,311217,1,21.1273,,,,AWAIT CATEGORY,M,FJOW
PRICELIST,14751S,PRODUCT DESCRIPTION 2407,8C,67,EA,30216,311217,1,20.1274,,,,AWAIT CATEGORY,M,FJOW
PRICELIST,14752M,PRODUCT DESCRIPTION 2408,8C,67,EA,30216,311217,1,21.1274,,,,AWAIT CATEGORY,M,FJOW
PRICELIST,14753L,PRODUCT DESCRIPTION 2409,8C,67,EA,30216,311217,1,20.1275,,,,AWAIT CATEGORY,M,FJOW
PRICELIST,14754XL,PRODUCT DESCRIPTION 2410,06,40,EA,30216,311217,1,21.1275,,,,AWAIT CATEGORY,,FGLV
PRICELIST,14755XXL,PRODUCT DESCRIPTION 2411,8A,67,PR,30216,311217,1,20.1276,,,,AWAIT CATEGORY,C,FJOW
PRICELIST,14756S,PRODUCT DESCRIPTION 2412,8B,67,EA,30216,311217,1,21.1276,,,,AWAIT CATEGORY,M,FJOW
PRICELIST,14757M,PRODUCT DESCRIPTION 2413,8B,67,EA,30216,311217,1,20.1277,,,,AWAIT CATEGORY,M,FJOW
PRICELIST,14758L,PRODUCT DESCRIPTION 2414,8B,67,EA,30216,311217,1,21.1277,,,,AWAIT CATEGORY,M,FJOW
PRICELIST,14759XL,PRODUCT DESCRIPTION 2415,8C,67,EA,30216,311217,1,20.1278,,,,AWAIT CATEGORY,M,FJOW
PRICELIST,14760XXL,PRODUCT DESCRIPTION 2416,8C,67,EA,30216,311217,1,21.1278,,,,AWAIT CATEGORY,M,FJOW
PRICELIST,14761S,PRODUCT DESCRIPTION 2417,8C,67,EA,30216,311217,1,20.1279,,,,AWAIT CATEGORY,M,FJOW
PRICELIST,14762M,PRODUCT DESCRIPTION 2418,8C,67,EA,30216,311217,1,21.1279,,,,AWAIT CATEGORY,M,FJOW
PRICELIST,14763L,PRODUCT DESCRIPTION 2419,11,10,PK,30216,311217,1,20.1280,,,,PRO V1,M,GB1
PRICELIST,14764XL,PRODUCT DESCRIPTION 2420,11,10,PK,30216,311217,1,21.1280,,,,PRO V1,M,GB1
PRICELIST,14765XXL,PRODUCT DESCRIPTION 2421,8A,67,EA,30216,311217,1,20.1281,,,,AWAIT CATEGORY,C,FJOW
PRICELIST,14766S,PRODUCT DESCRIPTION 2422,8C,67,EA,30216,311217,1,21.1281,,,,AWAIT CATEGORY,M,FJOW
PRICELIST,14767M,PRODUCT DESCRIPTION 2423,8C,67,EA,30216,311217,1,20.1282,,,,AWAIT CATEGORY,M,FJOW
PRICELIST,14768L,PRODUCT DESCRIPTION 2424,8C,67,EA,30216,311217,1,21.1282,,,,AWAIT CATEGORY,M,FJOW
PRICELIST,14769XL,PRODUCT DESCRIPTION 2425,8C,67,EA,30216,311217,1,20.1283,,,,AWAIT CATEGORY,M,FJOW
PRICELIST,14770XXL,PRODUCT DESCRIPTION 2426,8C,67,EA,30216,311217,1,21.1283,,,,AWAIT CATEGORY,M,FJOW
PRICELIST,14771S,PRODUCT DESCRIPTION 2427,8C,67,EA,30216,311217,1,20.1284,,,,AWAIT CATEGORY,M,FJOW
PRICELIST,14772M,PRODUCT DESCRIPTION 2428,8C,67,EA,30216,311217,1,21.1284,,,,AWAIT CATEGORY,M,FJOW
PRICELIST,14773L,PRODUCT DESCRIPTION 2429,8O,67,EA,30216,311217,1,20.1285,,,,AWAIT CATEGORY,M,FJAP
PRICELIST,14774XL,PRODUCT DESCRIPTION 2430,8O,67,EA,30216,311217,1,21.1285,,,,AWAIT CATEGORY,M,FJAP
PRICELIST,14775XXL,PRODUCT DESCRIPTION 2431,8O,67,EA,30216,311217,1,20.1286,,,,AWAIT CATEGORY,M,FJAP
PRICELIST,14776S,PRODUCT DESCRIPTION 2432,8O,67,EA,30216,311217,1,21.1286,,,,AWAIT CATEGORY,M,FJAP
PRICELIST,14777M,PRODUCT DESCRIPTION 2433,8O,67,EA,30216,311217,1,20.1287,,,,AWAIT CATEGORY,C,FJAP
PRICELIST,14778L,PRODUCT DESCRIPTION 2434,8O,67,EA,30216,311217,1,21.1287,,,,AWAIT CATEGORY,C,FJAP
PRICELIST,14779XL,PRODUCT DESCRIPTION 2435,8O,67,EA,30216,311217,1,20.1288,,,,AWAIT CATEGORY,C,FJAP
PRICELIST,14780XXL,PRODUCT DESCRIPTION 2436,8O,67,EA,30216,311217,1,21.1288,,,,AWAIT CATEGORY,C,FJAP
PRICELIST,14781S,PRODUCT DESCRIPTION 2437,8O,67,EA,30216,311217,1,20.1289,,,,AWAIT CATEGORY,C,FJAP
PRICELIST,14782M,PRODUCT DESCRIPTION 2438,8O,67,EA,30216,311217,1,21.1289,,,,AWAIT CATEGORY,M,FJAP
PRICELIST,14783L,PRODUCT DESCRIPTION 2439,8O,67,EA,30216,311217,1,20.1290,,,,AWAIT CATEGORY,M,FJAP
PRICELIST,14784XL,PRODUCT DESCRIPTION 2440,8O,67,EA,30216,311217,1,21.1290,,,,AWAIT CATEGORY,M,FJAP
PRICELIST,14785XXL,PRODUCT DESCRIPTION 2441,8O,67,EA,30216,311217,1,20.1291,,,,AWAIT CATEGORY,M,FJAP
PRICELIST,14786S,PRODUCT DESCRIPTION 2442,8O,67,EA,30216,311217,1,21.1291,,,,AWAIT CATEGORY,M,FJAP
PRICELIST,14787M,PRODUCT DESCRIPTION 2443,8O,67,EA,30216,311217,1,20.1292,,,,AWAIT CATEGORY,M,FJAP
PRICELIST,14788L,PRODUCT DESCRIPTION 2444,8O,67,EA,30216,311217,1,21.1292,,,,AWAIT CATEGORY,M,FJAP
PRICELIST,14789XL,PRODUCT DESCRIPTION 2445,8O,67,EA,30216,311217,1,20.1293,,,,AWAIT CATEGORY,M,FJAP
PRICELIST,14790XXL,PRODUCT DESCRIPTION 2446,8O,67,EA,30216,311217,1,21.1293,,,,AWAIT CATEGORY,M,FJAP
PRICELIST,14791S,PRODUCT DESCRIPTION 2447,8O,67,EA,30216,311217,1,20.1294,,,,AWAIT CATEGORY,M,FJAP
PRICELIST,14792M,PRODUCT DESCRIPTION 2448,8O,67,EA,30216,311217,1,21.1294,,,,AWAIT CATEGORY,M,FJAP
PRICELIST,14793L,PRODUCT DESCRIPTION 2449,8O,67,EA,30216,311217,1,20.1295,,,,AWAIT CATEGORY,M,FJAP
PRICELIST,14794XL,PRODUCT DESCRIPTION 2450,8N,67,EA,30216,311217,1,21.1295,,,,AWAIT CATEGORY,M,FJAP
PRICELIST,14795XXL,PRODUCT DESCRIPTION 2451,8N,67,EA,30216,311217,1,20.1296,,,,AWAIT CATEGORY,M,FJAP
PRICELIST,14796S,PRODUCT DESCRIPTION 2452,8N,67,EA,30216,311217,1,21.1296,,,,AWAIT CATEGORY,M,FJAP
PRICELIST,14797M,PRODUCT DESCRIPTION 2453,8N,67,EA,30216,311217,1,20.1297,,,,AWAIT CATEGORY,M,FJAP
PRICELIST,14798L,PRODUCT DESCRIPTION 2454,8N,67,EA,30216,311217,1,21.1297,,,,AWAIT CATEGORY,M,FJAP
PRICELIST,14799XL,PRODUCT DESCRIPTION 2455,8N,67,EA,30216,311217,1,20.1298,,,,AWAIT CATEGORY,M,FJAP
PRICELIST,14800XXL,PRODUCT DESCRIPTION 2456,8Q,67,EA,30216,311217,1,21.1298,,,,AWAIT CATEGORY,M,FJAP
PRICELIST,14801S,PRODUCT DESCRIPTION 2457,8Q,67,EA,30216,311217,1,20.1299,,,,AWAIT CATEGORY,M,FJAP
PRICELIST,14802M,PRODUCT DESCRIPTION 2458,8Q,67,EA,30216,311217,1,21.1299,,,,AWAIT CATEGORY,M,FJAP
PRICELIST,14803L,PRODUCT DESCRIPTION 2459,8Q,67,EA,30216,311217,1,20.1300,,,,AWAIT CATEGORY,M,FJAP
PRICELIST,14804XL,PRODUCT DESCRIPTION 2460,8B,67,EA,30216,311217,1,21.1300,,,,AWAIT CATEGORY,M,FJOW
PRICELIST,14805XXL,PRODUCT DESCRIPTION 2461,8B,67,EA,30216,311217,1,20.1301,,,,AWAIT CATEGORY,M,FJOW
PRICELIST,14806S,PRODUCT DESCRIPTION 2462,8B,67,EA,30216,311217,1,21.1301,,,,AWAIT CATEGORY,M,FJOW
PRICELIST,14807M,PRODUCT DESCRIPTION 2463,8A,67,EA,30216,311217,1,20.1302,,,,AWAIT CATEGORY,C,FJOW
PRICELIST,14808L,PRODUCT DESCRIPTION 2464,8A,67,EA,30216,311217,1,21.1302,,,,AWAIT CATEGORY,M,FJOW
PRICELIST,14809XL,PRODUCT DESCRIPTION 2465,8C,67,EA,30216,311217,1,20.1303,,,,FJ P. S/SH JKT,M,FJOW
PRICELIST,14810XXL,PRODUCT DESCRIPTION 2466,8C,67,EA,30216,311217,1,21.1303,,,,FJ P. S/SH JKT,M,FJOW
PRICELIST,14811S,PRODUCT DESCRIPTION 2467,8C,67,EA,30216,311217,1,20.1304,,,,FJ P. S/SH JKT,M,FJOW
PRICELIST,14812M,PRODUCT DESCRIPTION 2468,4F,40,PK,30216,311217,1,21.1304,,,,AWAIT CATEGORY,M,FGLV
PRICELIST,14813L,PRODUCT DESCRIPTION 2469,4F,40,PK,30216,311217,1,20.1305,,,,AWAIT CATEGORY,M,FGLV
PRICELIST,14814XL,PRODUCT DESCRIPTION 2470,4F,40,PK,30216,311217,1,21.1305,,,,AWAIT CATEGORY,M,FGLV
PRICELIST,14815XXL,PRODUCT DESCRIPTION 2471,95,70,PK,30216,311217,1,20.1306,,,,AWAIT CATEGORY,M,SCK1
PRICELIST,14816S,PRODUCT DESCRIPTION 2472,95,70,PR,30216,311217,1,21.1306,,,,AWAIT CATEGORY,M,SCK1
PRICELIST,14817M,PRODUCT DESCRIPTION 2473,95,70,PR,30216,311217,1,20.1307,,,,AWAIT CATEGORY,M,SCK1
PRICELIST,14818L,PRODUCT DESCRIPTION 2474,2B,20,EA,30216,311217,1,21.1307,,,,AWAIT CATEGORY,C,TIRN
PRICELIST,14819XL,PRODUCT DESCRIPTION 2475,8C,67,EA,30216,311217,1,20.1308,,,,AWAIT CATEGORY,M,FJOW
PRICELIST,14820XXL,PRODUCT DESCRIPTION 2476,8C,67,EA,30216,311217,1,21.1308,,,,AWAIT CATEGORY,M,FJOW
PRICELIST,14821S,PRODUCT DESCRIPTION 2477,8C,67,EA,30216,311217,1,20.1309,,,,AWAIT CATEGORY,M,FJOW
PRICELIST,14822M,PRODUCT DESCRIPTION 2478,07,50,SET,30216,311217,48,21.1309,,,,AWAIT CATEGORY,C,NODS
PRICELIST,14823L,PRODUCT DESCRIPTION 2479,07,50,SET,30216,311217,240,20.1310,,,,AWAIT CATEGORY,C,NODS
PRICELIST,14824XL,PRODUCT DESCRIPTION 2480,07,50,SET,30216,311217,480,21.1310,,,,AWAIT CATEGORY,C,NODS
PRICELIST,14825XXL,PRODUCT DESCRIPTION 2481,07,50,SET,30216,311217,144,20.1311,,,,AWAIT CATEGORY,C,NODS
PRICELIST,14826S,PRODUCT DESCRIPTION 2482,07,50,SET,30216,311217,720,21.1311,,,,AWAIT CATEGORY,C,NODS
PRICELIST,14827M,PRODUCT DESCRIPTION 2483,07,50,SET,30216,311217,1440,20.1312,,,,AWAIT CATEGORY,C,NODS
PRICELIST,14828L,PRODUCT DESCRIPTION 2484,07,50,SET,30216,311217,288,21.1312,,,,AWAIT CATEGORY,C,NODS
PRICELIST,14829XL,PRODUCT DESCRIPTION 2485,07,50,SET,30216,311217,1440,20.1313,,,,AWAIT CATEGORY,C,NODS
PRICELIST,14830XXL,PRODUCT DESCRIPTION 2486,07,50,SET,30216,311217,2880,21.1313,,,,AWAIT CATEGORY,C,NODS
PRICELIST,14831S,PRODUCT DESCRIPTION 2487,8C,67,EA,30216,311217,1,20.1314,,,,AWAIT CATEGORY,M,FJOW
PRICELIST,14832M,PRODUCT DESCRIPTION 2488,89,60,PR,30216,311217,1,21.1314,,,,AWAIT CATEGORY,C,NSDS
PRICELIST,14833L,PRODUCT DESCRIPTION 2489,89,60,PR,30216,311217,1,20.1315,,,,AWAIT CATEGORY,C,NSDS
PRICELIST,14834XL,PRODUCT DESCRIPTION 2490,89,60,PR,30216,311217,1,21.1315,,,,AWAIT CATEGORY,M,NSDS
PRICELIST,14835XXL,PRODUCT DESCRIPTION 2491,89,60,PR,30216,311217,1,20.1316,,,,AWAIT CATEGORY,M,NSDS
PRICELIST,14836S,PRODUCT DESCRIPTION 2492,89,60,PR,30216,311217,1,21.1316,,,,AWAIT CATEGORY,C,NSDS
PRICELIST,14837M,PRODUCT DESCRIPTION 2493,89,60,PR,30216,311217,1,20.1317,,,,AWAIT CATEGORY,C,NSDS
PRICELIST,14838L,PRODUCT DESCRIPTION 2494,8O,67,EA,30216,311217,1,21.1317,,,,AWAIT CATEGORY,C,FJAP
PRICELIST,14839XL,PRODUCT DESCRIPTION 2495,8O,67,EA,30216,311217,1,20.1318,,,,AWAIT CATEGORY,C,FJAP
PRICELIST,14840XXL,PRODUCT DESCRIPTION 2496,8O,67,EA,30216,311217,1,21.1318,,,,AWAIT CATEGORY,C,FJAP
PRICELIST,14841S,PRODUCT DESCRIPTION 2497,8P,67,EA,30216,311217,1,20.1319,,,,AWAIT CATEGORY,M,FJAP
PRICELIST,14842M,PRODUCT DESCRIPTION 2498,8P,67,EA,30216,311217,1,21.1319,,,,AWAIT CATEGORY,C,FJAP
PRICELIST,14843L,PRODUCT DESCRIPTION 2499,8P,67,EA,30216,311217,1,20.1320,,,,AWAIT CATEGORY,M,FJAP
PRICELIST,14844XL,PRODUCT DESCRIPTION 2500,8O,67,EA,30216,311217,1,21.1320,,,,AWAIT CATEGORY,M,FJAP
PRICELIST,14845XXL,PRODUCT DESCRIPTION 2501,8O,67,EA,30216,311217,1,20.1321,,,,AWAIT CATEGORY,M,FJAP
PRICELIST,14846S,PRODUCT DESCRIPTION 2502,8O,67,EA,30216,311217,1,21.1321,,,,AWAIT CATEGORY,M,FJAP
PRICELIST,14847M,PRODUCT DESCRIPTION 2503,8O,67,EA,30216,311217,1,20.1322,,,,AWAIT CATEGORY,M,FJAP
PRICELIST,14848L,PRODUCT DESCRIPTION 2504,8O,67,EA,30216,311217,1,21.1322,,,,AWAIT CATEGORY,M,FJAP
PRICELIST,14849XL,PRODUCT DESCRIPTION 2505,4M,40,EA,30216,311217,1,20.1323,,,,STASOF,M,FGLV
PRICELIST,14850S,PRODUCT DESCRIPTION 2506,4M,40,EA,30216,311217,1,21.1323,,,,STASOF,C,FGLV
PRICELIST,14851M,PRODUCT DESCRIPTION 2507,4M,40,EA,30216,311217,1,20.1324,,,,STASOF,C,FGLV
PRICELIST,14852L,PRODUCT DESCRIPTION 2508,4M,40,EA,30216,311217,1,21.1324,,,,STASOF,M,FGLV
PRICELIST,14853XL,PRODUCT DESCRIPTION 2509,4M,40,EA,30216,311217,1,20.1325,,,,STASOF,C,FGLV
PRICELIST,14854XXL,PRODUCT DESCRIPTION 2510,4M,40,EA,30216,311217,1,21.1325,,,,STASOF,C,FGLV
PRICELIST,14855S,PRODUCT DESCRIPTION 2511,4M,40,EA,30216,311217,1,20.1326,,,,STASOF,C,FGLV
PRICELIST,14856M,PRODUCT DESCRIPTION 2512,4M,40,EA,30216,311217,1,21.1326,,,,STASOF,C,FGLV
PRICELIST,14857L,PRODUCT DESCRIPTION 2513,4M,40,EA,30216,311217,1,20.1327,,,,STASOF,C,FGLV
PRICELIST,14858XL,PRODUCT DESCRIPTION 2514,4M,40,EA,30216,311217,1,21.1327,,,,STASOF,M,FGLV
PRICELIST,14859XXL,PRODUCT DESCRIPTION 2515,4M,40,EA,30216,311217,1,20.1328,,,,STASOF,C,FGLV
PRICELIST,14860S,PRODUCT DESCRIPTION 2516,4M,40,EA,30216,311217,1,21.1328,,,,STASOF,M,FGLV
PRICELIST,14861M,PRODUCT DESCRIPTION 2517,4G,40,EA,30216,311217,1,20.1329,,,,RAINGRIP EXTREM,M,FGLV
PRICELIST,14862L,PRODUCT DESCRIPTION 2518,4G,40,EA,30216,311217,1,21.1329,,,,RAINGRIP EXTREM,M,FGLV
PRICELIST,14863XL,PRODUCT DESCRIPTION 2519,4G,40,EA,30216,311217,1,20.1330,,,,RAINGRIP EXTREM,M,FGLV
PRICELIST,14864XXL,PRODUCT DESCRIPTION 2520,4G,40,PR,30216,311217,1,21.1330,,,,RAINGRIP EXTREM,M,FGLV
PRICELIST,14865S,PRODUCT DESCRIPTION 2521,4G,40,PR,30216,311217,1,20.1331,,,,RAINGRIP EXTREM,M,FGLV
PRICELIST,14866M,PRODUCT DESCRIPTION 2522,9T,60,PR,30216,311217,1,21.1331,,,,AWAIT CATEGORY,M,FJ1
PRICELIST,14867L,PRODUCT DESCRIPTION 2523,9X,60,PR,30216,311217,1,20.1332,,,,AWAIT CATEGORY,M,FJ1
PRICELIST,14868XL,PRODUCT DESCRIPTION 2524,95,70,PR,30216,311217,1,21.1332,,,,AWAIT CATEGORY,M,SCK1
PRICELIST,14869XXL,PRODUCT DESCRIPTION 2525,95,70,PR,30216,311217,1,20.1333,,,,AWAIT CATEGORY,M,SCK1
PRICELIST,14870S,PRODUCT DESCRIPTION 2526,9X,60,PR,30216,311217,1,21.1333,,,,AWAIT CATEGORY,M,FJ1
PRICELIST,14871M,PRODUCT DESCRIPTION 2527,9X,60,PR,30216,311217,1,20.1334,,,,AWAIT CATEGORY,M,FJ1
PRICELIST,14872L,PRODUCT DESCRIPTION 2528,9S,60,PR,30216,311217,1,21.1334,,,,AWAIT CATEGORY,M,FJ1
PRICELIST,14873XL,PRODUCT DESCRIPTION 2529,9S,60,PR,30216,311217,1,20.1335,,,,AWAIT CATEGORY,M,FJ1
PRICELIST,14874XXL,PRODUCT DESCRIPTION 2530,8O,67,EA,30216,311217,1,21.1335,,,,AWAIT CATEGORY,M,FJAP
PRICELIST,14875S,PRODUCT DESCRIPTION 2531,8O,67,EA,30216,311217,1,20.1336,,,,AWAIT CATEGORY,M,FJAP
PRICELIST,14876M,PRODUCT DESCRIPTION 2532,8O,67,EA,30216,311217,1,21.1336,,,,AWAIT CATEGORY,M,FJAP
PRICELIST,14877L,PRODUCT DESCRIPTION 2533,8Z,50,EA,30216,311217,1,20.1337,,,,AWAIT CATEGORY,C,NODS
PRICELIST,14878XL,PRODUCT DESCRIPTION 2534,8A,67,PR,30216,311217,1,21.1337,,,,AWAIT CATEGORY,C,FJOW
PRICELIST,14879XXL,PRODUCT DESCRIPTION 2535,9T,60,PR,30216,311217,1,20.1338,,,,AWAIT CATEGORY,M,FJ1
PRICELIST,14880S,PRODUCT DESCRIPTION 2536,9T,60,PR,30216,311217,1,21.1338,,,,AWAIT CATEGORY,M,FJ1
PRICELIST,14881M,PRODUCT DESCRIPTION 2537,9T,60,PR,30216,311217,1,20.1339,,,,AWAIT CATEGORY,M,FJ1
PRICELIST,14882L,PRODUCT DESCRIPTION 2538,9T,60,PR,30216,311217,1,21.1339,,,,AWAIT CATEGORY,M,FJ1
PRICELIST,14883XL,PRODUCT DESCRIPTION 2539,9T,60,PR,30216,311217,1,20.1340,,,,AWAIT CATEGORY,M,FJ1
PRICELIST,14884XXL,PRODUCT DESCRIPTION 2540,9T,60,PR,30216,311217,1,21.1340,,,,AWAIT CATEGORY,M,FJ1
PRICELIST,14885S,PRODUCT DESCRIPTION 2541,9T,60,PR,30216,311217,1,20.1341,,,,AWAIT CATEGORY,M,FJ1
PRICELIST,14886M,PRODUCT DESCRIPTION 2542,9T,60,PR,30216,311217,1,21.1341,,,,AWAIT CATEGORY,M,FJ1
PRICELIST,14887L,PRODUCT DESCRIPTION 2543,9T,60,PR,30216,311217,1,20.1342,,,,AWAIT CATEGORY,M,FJ1
PRICELIST,14888XL,PRODUCT DESCRIPTION 2544,9T,60,PR,30216,311217,1,21.1342,,,,AWAIT CATEGORY,M,FJ1
PRICELIST,14889XXL,PRODUCT DESCRIPTION 2545,9T,60,PR,30216,311217,1,20.1343,,,,AWAIT CATEGORY,M,FJ1
PRICELIST,14890S,PRODUCT DESCRIPTION 2546,9T,60,PR,30216,311217,1,21.1343,,,,AWAIT CATEGORY,M,FJ1
PRICELIST,14891M,PRODUCT DESCRIPTION 2547,9S,60,PR,30216,311217,1,20.1344,,,,AWAIT CATEGORY,M,FJ1
PRICELIST,14892L,PRODUCT DESCRIPTION 2548,9S,60,PR,30216,311217,1,21.1344,,,,AWAIT CATEGORY,M,FJ1
PRICELIST,14893XL,PRODUCT DESCRIPTION 2549,9S,60,PR,30216,311217,1,20.1345,,,,AWAIT CATEGORY,M,FJ1
PRICELIST,14894XXL,PRODUCT DESCRIPTION 2550,9S,60,PR,30216,311217,1,21.1345,,,,AWAIT CATEGORY,M,FJ1
PRICELIST,14895S,PRODUCT DESCRIPTION 2551,9S,60,PR,30216,311217,1,20.1346,,,,AWAIT CATEGORY,M,FJ1
PRICELIST,14896M,PRODUCT DESCRIPTION 2552,9S,60,PR,30216,311217,1,21.1346,,,,AWAIT CATEGORY,M,FJ1
PRICELIST,14897L,PRODUCT DESCRIPTION 2553,9S,60,PR,30216,311217,1,20.1347,,,,AWAIT CATEGORY,M,FJ1
PRICELIST,14898XL,PRODUCT DESCRIPTION 2554,9S,60,PR,30216,311217,1,21.1347,,,,AWAIT CATEGORY,M,FJ1
PRICELIST,14899XXL,PRODUCT DESCRIPTION 2555,9M,60,PR,30216,311217,1,20.1348,,,,AWAIT CATEGORY,M,FJ1
PRICELIST,14900S,PRODUCT DESCRIPTION 2556,9M,60,PR,30216,311217,1,21.1348,,,,AWAIT CATEGORY,M,FJ1
PRICELIST,14901M,PRODUCT DESCRIPTION 2557,9M,60,PR,30216,311217,1,20.1349,,,,AWAIT CATEGORY,M,FJ1
PRICELIST,14902L,PRODUCT DESCRIPTION 2558,9M,60,PR,30216,311217,1,21.1349,,,,AWAIT CATEGORY,M,FJ1
PRICELIST,14903XL,PRODUCT DESCRIPTION 2559,9M,60,PR,30216,311217,1,20.1350,,,,AWAIT CATEGORY,M,FJ1
PRICELIST,14904XXL,PRODUCT DESCRIPTION 2560,9P,60,PR,30216,311217,1,21.1350,,,,JUNIOR,M,FJ1
PRICELIST,14905S,PRODUCT DESCRIPTION 2561,9P,60,PR,30216,311217,1,20.1351,,,,JUNIOR,M,FJ1
PRICELIST,14906M,PRODUCT DESCRIPTION 2562,9X,60,PR,30216,311217,1,21.1351,,,,AWAIT CATEGORY,M,FJ1
PRICELIST,14907L,PRODUCT DESCRIPTION 2563,9X,60,PR,30216,311217,1,20.1352,,,,AWAIT CATEGORY,M,FJ1
PRICELIST,14908XL,PRODUCT DESCRIPTION 2564,9X,60,PR,30216,311217,1,21.1352,,,,AWAIT CATEGORY,M,FJ1
PRICELIST,14909XXL,PRODUCT DESCRIPTION 2565,9X,60,PR,30216,311217,1,20.1353,,,,AWAIT CATEGORY,M,FJ1
PRICELIST,14910S,PRODUCT DESCRIPTION 2566,9X,60,PR,30216,311217,1,21.1353,,,,AWAIT CATEGORY,M,FJ1
PRICELIST,14911M,PRODUCT DESCRIPTION 2567,9S,60,PR,30216,311217,1,20.1354,,,,AWAIT CATEGORY,M,NSDS
PRICELIST,14912L,PRODUCT DESCRIPTION 2568,9S,60,PR,30216,311217,1,21.1354,,,,AWAIT CATEGORY,M,FJ1
PRICELIST,14913XL,PRODUCT DESCRIPTION 2569,9S,60,PR,30216,311217,1,20.1355,,,,AWAIT CATEGORY,M,NSDS
PRICELIST,14914XXL,PRODUCT DESCRIPTION 2570,9S,60,PR,30216,311217,1,21.1355,,,,AWAIT CATEGORY,M,FJ1
PRICELIST,14915S,PRODUCT DESCRIPTION 2571,9J,60,PR,30216,311217,1,20.1356,,,,AWAIT CATEGORY,M,FJ1
PRICELIST,14916M,PRODUCT DESCRIPTION 2572,9J,60,PR,30216,311217,1,21.1356,,,,AWAIT CATEGORY,M,FJ1
PRICELIST,14917L,PRODUCT DESCRIPTION 2573,9J,60,PR,30216,311217,1,20.1357,,,,AWAIT CATEGORY,M,FJ1
PRICELIST,14918XL,PRODUCT DESCRIPTION 2574,9J,60,PR,30216,311217,1,21.1357,,,,AWAIT CATEGORY,M,FJ1
PRICELIST,14919XXL,PRODUCT DESCRIPTION 2575,9H,60,PR,30216,311217,1,20.1358,,,,AWAIT CATEGORY,M,FJ1
PRICELIST,14920S,PRODUCT DESCRIPTION 2576,9H,60,PR,30216,311217,1,21.1358,,,,AWAIT CATEGORY,M,FJ1
PRICELIST,14921M,PRODUCT DESCRIPTION 2577,9H,60,PR,30216,311217,1,20.1359,,,,AWAIT CATEGORY,M,FJ1
PRICELIST,14922L,PRODUCT DESCRIPTION 2578,9H,60,PR,30216,311217,1,21.1359,,,,AWAIT CATEGORY,M,FJ1
PRICELIST,14923XL,PRODUCT DESCRIPTION 2579,9K,60,PR,30216,311217,1,20.1360,,,,AWAIT CATEGORY,C,FJ1
PRICELIST,14924XXL,PRODUCT DESCRIPTION 2580,9K,60,PR,30216,311217,1,21.1360,,,,AWAIT CATEGORY,M,FJ1
PRICELIST,14925S,PRODUCT DESCRIPTION 2581,9K,60,PR,30216,311217,1,20.1361,,,,AWAIT CATEGORY,M,FJ1
PRICELIST,14926M,PRODUCT DESCRIPTION 2582,9K,60,PR,30216,311217,1,21.1361,,,,AWAIT CATEGORY,M,FJ1
PRICELIST,14927L,PRODUCT DESCRIPTION 2583,9K,60,PR,30216,311217,1,20.1362,,,,AWAIT CATEGORY,M,FJ1
PRICELIST,14928XL,PRODUCT DESCRIPTION 2584,9K,60,PR,30216,311217,1,21.1362,,,,AWAIT CATEGORY,M,FJ1
PRICELIST,14929XXL,PRODUCT DESCRIPTION 2585,9K,60,PR,30216,311217,1,20.1363,,,,AWAIT CATEGORY,M,FJ1
PRICELIST,14930S,PRODUCT DESCRIPTION 2586,9K,60,PR,30216,311217,1,21.1363,,,,AWAIT CATEGORY,M,FJ1
PRICELIST,14931M,PRODUCT DESCRIPTION 2587,9K,60,PR,30216,311217,1,20.1364,,,,AWAIT CATEGORY,M,FJ1
PRICELIST,14932L,PRODUCT DESCRIPTION 2588,9K,60,PR,30216,311217,1,21.1364,,,,AWAIT CATEGORY,M,FJ1
PRICELIST,14933XL,PRODUCT DESCRIPTION 2589,9K,60,PR,30216,311217,1,20.1365,,,,AWAIT CATEGORY,M,FJ1
PRICELIST,14934XXL,PRODUCT DESCRIPTION 2590,9K,60,PR,30216,311217,1,21.1365,,,,AWAIT CATEGORY,M,FJ1
PRICELIST,14935S,PRODUCT DESCRIPTION 2591,9B,60,PR,30216,311217,1,20.1366,,,,FJ ICON,M,FJ1
PRICELIST,14936M,PRODUCT DESCRIPTION 2592,9B,60,PR,30216,311217,1,21.1366,,,,FJ ICON,M,FJ1
PRICELIST,14937L,PRODUCT DESCRIPTION 2593,9P,60,PR,30216,311217,1,20.1367,,,,AWAIT CATEGORY,M,FJ1
PRICELIST,14938XL,PRODUCT DESCRIPTION 2594,9O,60,PR,30216,311217,1,21.1367,,,,AWAIT CATEGORY,M,FJ1
PRICELIST,14939XXL,PRODUCT DESCRIPTION 2595,95,70,PK,30216,311217,1,20.1368,,,,AWAIT CATEGORY,M,SCK1
PRICELIST,14940S,PRODUCT DESCRIPTION 2596,96,70,SIX,30216,311217,1,21.1368,,,,C/S SPT 1X6 WM,M,SCK1
PRICELIST,14941M,PRODUCT DESCRIPTION 2597,96,70,SIX,30216,311217,1,20.1369,,,,C/S SPT 1X6 WM,M,SCK1
PRICELIST,14942L,PRODUCT DESCRIPTION 2598,96,70,PR,30216,311217,1,21.1369,,,,C/S SPT 1X6 WM,M,SCK1
PRICELIST,14943XL,PRODUCT DESCRIPTION 2599,96,70,SIX,30216,311217,1,20.1370,,,,C/S SPT 1X6 WM,M,SCK1
PRICELIST,14944XXL,PRODUCT DESCRIPTION 2600,96,70,PR,30216,311217,1,21.1370,,,,C/S SPT 1X6 WM,M,SCK1
PRICELIST,14945S,PRODUCT DESCRIPTION 2601,96,70,PR,30216,311217,1,20.1371,,,,C/S SPT 1X6 WM,M,SCK1
PRICELIST,14946M,PRODUCT DESCRIPTION 2602,95,70,PK,30216,311217,1,21.1371,,,,C/S SPT 1X6 WM,M,SCK1
PRICELIST,14947L,PRODUCT DESCRIPTION 2603,95,70,PK,30216,311217,1,20.1372,,,,C/S SPT 1X6 WM,M,SCK1
PRICELIST,14948XL,PRODUCT DESCRIPTION 2604,95,70,PK,30216,311217,1,21.1372,,,,C/S SPT 1X6 WM,M,SCK1
PRICELIST,14949XXL,PRODUCT DESCRIPTION 2605,95,70,PK,30216,311217,1,20.1373,,,,C/S SPT 1X6 WM,M,SCK1
PRICELIST,14950S,PRODUCT DESCRIPTION 2606,98,80,EA,30216,311217,1,21.1373,,,,AWAIT CATEGORY,C,FJAC
PRICELIST,14951M,PRODUCT DESCRIPTION 2607,98,80,PK,30216,311217,1,20.1374,,,,WINT H/WEAR DZ,C,FJAC
PRICELIST,14952L,PRODUCT DESCRIPTION 2608,98,80,PK,30216,311217,1,21.1374,,,,WINT H/WEAR DZ,M,FJAC
PRICELIST,14953XL,PRODUCT DESCRIPTION 2609,98,80,EA,30216,311217,1,20.1375,,,,AWAIT CATEGORY,C,FJAC
PRICELIST,14954XXL,PRODUCT DESCRIPTION 2610,98,80,EA,30216,311217,1,21.1375,,,,AWAIT CATEGORY,C,FJAC
PRICELIST,14955S,PRODUCT DESCRIPTION 2611,98,80,EA,30216,311217,1,20.1376,,,,AWAIT CATEGORY,M,FJAC
PRICELIST,14956M,PRODUCT DESCRIPTION 2612,98,80,EA,30216,311217,1,21.1376,,,,AWAIT CATEGORY,C,FJAC
PRICELIST,14957L,PRODUCT DESCRIPTION 2613,98,80,PK,30216,311217,1,20.1377,,,,AWAIT CATEGORY,M,FJAC
PRICELIST,14958XL,PRODUCT DESCRIPTION 2614,98,80,PK,30216,311217,1,21.1377,,,,AWAIT CATEGORY,C,FJAC
PRICELIST,14959XXL,PRODUCT DESCRIPTION 2615,96,70,PR,30216,311217,1,20.1378,,,,AWAIT CATEGORY,M,SCK1
PRICELIST,14960S,PRODUCT DESCRIPTION 2616,8D,67,EA,30216,311217,1,21.1378,,,,FJ P.SH S/S SOL,M,FJOW
PRICELIST,14961M,PRODUCT DESCRIPTION 2617,8D,67,EA,30216,311217,1,20.1379,,,,FJ P.SH S/S SOL,M,FJOW
PRICELIST,14962L,PRODUCT DESCRIPTION 2618,8D,67,EA,30216,311217,1,21.1379,,,,FJ P.SH S/S SOL,M,FJOW
PRICELIST,14963XL,PRODUCT DESCRIPTION 2619,8D,67,EA,30216,311217,1,20.1380,,,,FJ P.SH S/S SOL,M,FJOW
PRICELIST,14964XXL,PRODUCT DESCRIPTION 2620,8D,67,EA,30216,311217,1,21.1380,,,,FJ P.SH S/S SOL,M,FJOW
PRICELIST,14965S,PRODUCT DESCRIPTION 2621,8D,67,EA,30216,311217,1,20.1381,,,,FJ P.SH S/S SOL,M,FJOW
PRICELIST,14966M,PRODUCT DESCRIPTION 2622,8O,67,EA,30216,311217,1,21.1381,,,,AWAIT CATEGORY,M,FJAP
PRICELIST,14967L,PRODUCT DESCRIPTION 2623,8O,67,EA,30216,311217,1,20.1382,,,,AWAIT CATEGORY,M,FJAP
PRICELIST,14968XL,PRODUCT DESCRIPTION 2624,8O,67,EA,30216,311217,1,21.1382,,,,AWAIT CATEGORY,M,FJAP
PRICELIST,14969XXL,PRODUCT DESCRIPTION 2625,8O,67,EA,30216,311217,1,20.1383,,,,AWAIT CATEGORY,M,FJAP
PRICELIST,14970S,PRODUCT DESCRIPTION 2626,8O,67,EA,30216,311217,1,21.1383,,,,AWAIT CATEGORY,M,FJAP
PRICELIST,14971M,PRODUCT DESCRIPTION 2627,8O,67,EA,30216,311217,1,20.1384,,,,AWAIT CATEGORY,M,FJAP
PRICELIST,14972L,PRODUCT DESCRIPTION 2628,8O,67,EA,30216,311217,1,21.1384,,,,AWAIT CATEGORY,M,FJAP
PRICELIST,14973XL,PRODUCT DESCRIPTION 2629,8O,67,EA,30216,311217,1,20.1385,,,,AWAIT CATEGORY,M,FJAP
PRICELIST,14974XXL,PRODUCT DESCRIPTION 2630,8O,67,EA,30216,311217,1,21.1385,,,,AWAIT CATEGORY,M,FJAP
PRICELIST,14975S,PRODUCT DESCRIPTION 2631,8O,67,EA,30216,311217,1,20.1386,,,,AWAIT CATEGORY,M,FJAP
PRICELIST,14976M,PRODUCT DESCRIPTION 2632,8O,67,EA,30216,311217,1,21.1386,,,,AWAIT CATEGORY,M,FJAP
PRICELIST,14977L,PRODUCT DESCRIPTION 2633,8O,67,EA,30216,311217,1,20.1387,,,,AWAIT CATEGORY,M,FJAP
PRICELIST,14978XL,PRODUCT DESCRIPTION 2634,8O,67,EA,30216,311217,1,21.1387,,,,AWAIT CATEGORY,M,FJAP
PRICELIST,14979XXL,PRODUCT DESCRIPTION 2635,8O,67,EA,30216,311217,1,20.1388,,,,AWAIT CATEGORY,M,FJAP
PRICELIST,14980S,PRODUCT DESCRIPTION 2636,8M,67,EA,30216,311217,1,21.1388,,,,AWAIT CATEGORY,M,FJAP
PRICELIST,14981M,PRODUCT DESCRIPTION 2637,8M,67,EA,30216,311217,1,20.1389,,,,AWAIT CATEGORY,M,FJAP
PRICELIST,14982L,PRODUCT DESCRIPTION 2638,8M,67,EA,30216,311217,1,21.1389,,,,AWAIT CATEGORY,M,FJAP
PRICELIST,14983XL,PRODUCT DESCRIPTION 2639,8M,67,EA,30216,311217,1,20.1390,,,,AWAIT CATEGORY,M,FJAP
PRICELIST,14984XXL,PRODUCT DESCRIPTION 2640,8M,67,EA,30216,311217,1,21.1390,,,,AWAIT CATEGORY,M,FJAP
PRICELIST,14985S,PRODUCT DESCRIPTION 2641,8M,67,EA,30216,311217,1,20.1391,,,,AWAIT CATEGORY,M,FJAP
PRICELIST,14986M,PRODUCT DESCRIPTION 2642,8M,67,EA,30216,311217,1,21.1391,,,,AWAIT CATEGORY,M,FJAP
PRICELIST,14987L,PRODUCT DESCRIPTION 2643,8M,67,EA,30216,311217,1,20.1392,,,,AWAIT CATEGORY,M,FJAP
PRICELIST,14988XL,PRODUCT DESCRIPTION 2644,8M,67,EA,30216,311217,1,21.1392,,,,AWAIT CATEGORY,M,FJAP
PRICELIST,14989XXL,PRODUCT DESCRIPTION 2645,8M,67,EA,30216,311217,1,20.1393,,,,AWAIT CATEGORY,M,FJAP
PRICELIST,14990S,PRODUCT DESCRIPTION 2646,8M,67,EA,30216,311217,1,21.1393,,,,AWAIT CATEGORY,M,FJAP
PRICELIST,14991M,PRODUCT DESCRIPTION 2647,8M,67,EA,30216,311217,1,20.1394,,,,AWAIT CATEGORY,M,FJAP
PRICELIST,14992L,PRODUCT DESCRIPTION 2648,8M,67,EA,30216,311217,1,21.1394,,,,AWAIT CATEGORY,M,FJAP
PRICELIST,14993XL,PRODUCT DESCRIPTION 2649,8M,67,EA,30216,311217,1,20.1395,,,,AWAIT CATEGORY,M,FJAP
PRICELIST,14994XXL,PRODUCT DESCRIPTION 2650,8M,67,EA,30216,311217,1,21.1395,,,,AWAIT CATEGORY,M,FJAP
PRICELIST,14995S,PRODUCT DESCRIPTION 2651,8M,67,EA,30216,311217,1,20.1396,,,,AWAIT CATEGORY,M,FJAP
PRICELIST,14996M,PRODUCT DESCRIPTION 2652,8M,67,EA,30216,311217,1,21.1396,,,,AWAIT CATEGORY,M,FJAP
PRICELIST,14997L,PRODUCT DESCRIPTION 2653,8M,67,EA,30216,311217,1,20.1397,,,,AWAIT CATEGORY,M,FJAP
PRICELIST,14998XL,PRODUCT DESCRIPTION 2654,8M,67,EA,30216,311217,1,21.1397,,,,AWAIT CATEGORY,M,FJAP
PRICELIST,14999XXL,PRODUCT DESCRIPTION 2655,8M,67,EA,30216,311217,1,20.1398,,,,AWAIT CATEGORY,M,FJAP
PRICELIST,15000S,PRODUCT DESCRIPTION 2656,8M,67,EA,30216,311217,1,21.1398,,,,AWAIT CATEGORY,M,FJAP
PRICELIST,15001M,PRODUCT DESCRIPTION 2657,8M,67,EA,30216,311217,1,20.1399,,,,AWAIT CATEGORY,M,FJAP
PRICELIST,15002L,PRODUCT DESCRIPTION 2658,8M,67,EA,30216,311217,1,21.1399,,,,AWAIT CATEGORY,M,FJAP
PRICELIST,15003XL,PRODUCT DESCRIPTION 2659,8M,67,EA,30216,311217,1,20.1400,,,,AWAIT CATEGORY,M,FJAP
PRICELIST,15004XXL,PRODUCT DESCRIPTION 2660,8M,67,EA,30216,311217,1,21.1400,,,,AWAIT CATEGORY,M,FJAP
PRICELIST,15005S,PRODUCT DESCRIPTION 2661,8M,67,EA,30216,311217,1,20.1401,,,,AWAIT CATEGORY,M,FJAP
PRICELIST,15006M,PRODUCT DESCRIPTION 2662,8M,67,EA,30216,311217,1,21.1401,,,,AWAIT CATEGORY,M,FJAP
PRICELIST,15007L,PRODUCT DESCRIPTION 2663,8M,67,EA,30216,311217,1,20.1402,,,,AWAIT CATEGORY,M,FJAP
PRICELIST,15008XL,PRODUCT DESCRIPTION 2664,8M,67,EA,30216,311217,1,21.1402,,,,AWAIT CATEGORY,M,FJAP
PRICELIST,15009XXL,PRODUCT DESCRIPTION 2665,8M,67,EA,30216,311217,1,20.1403,,,,AWAIT CATEGORY,M,FJAP
PRICELIST,15010S,PRODUCT DESCRIPTION 2666,8M,67,EA,30216,311217,1,21.1403,,,,AWAIT CATEGORY,M,FJAP
PRICELIST,15011M,PRODUCT DESCRIPTION 2667,8M,67,EA,30216,311217,1,20.1404,,,,AWAIT CATEGORY,M,FJAP
PRICELIST,15012L,PRODUCT DESCRIPTION 2668,8M,67,EA,30216,311217,1,21.1404,,,,AWAIT CATEGORY,M,FJAP
PRICELIST,15013XL,PRODUCT DESCRIPTION 2669,8M,67,EA,30216,311217,1,20.1405,,,,AWAIT CATEGORY,M,FJAP
PRICELIST,15014XXL,PRODUCT DESCRIPTION 2670,8M,67,EA,30216,311217,1,21.1405,,,,AWAIT CATEGORY,M,FJAP
PRICELIST,15015S,PRODUCT DESCRIPTION 2671,8M,67,EA,30216,311217,1,20.1406,,,,AWAIT CATEGORY,M,FJAP
PRICELIST,15016M,PRODUCT DESCRIPTION 2672,8M,67,EA,30216,311217,1,21.1406,,,,AWAIT CATEGORY,M,FJAP
PRICELIST,15017L,PRODUCT DESCRIPTION 2673,8M,67,EA,30216,311217,1,20.1407,,,,AWAIT CATEGORY,M,FJAP
PRICELIST,15018XL,PRODUCT DESCRIPTION 2674,8M,67,EA,30216,311217,1,21.1407,,,,AWAIT CATEGORY,M,FJAP
PRICELIST,15019XXL,PRODUCT DESCRIPTION 2675,8M,67,EA,30216,311217,1,20.1408,,,,AWAIT CATEGORY,M,FJAP
PRICELIST,15020S,PRODUCT DESCRIPTION 2676,8M,67,EA,30216,311217,1,21.1408,,,,AWAIT CATEGORY,M,FJAP
PRICELIST,15021M,PRODUCT DESCRIPTION 2677,8M,67,EA,30216,311217,1,20.1409,,,,AWAIT CATEGORY,M,FJAP
PRICELIST,15022L,PRODUCT DESCRIPTION 2678,8M,67,EA,30216,311217,1,21.1409,,,,AWAIT CATEGORY,M,FJAP
PRICELIST,15023XL,PRODUCT DESCRIPTION 2679,8M,67,EA,30216,311217,1,20.1410,,,,AWAIT CATEGORY,M,FJAP
PRICELIST,15024S,PRODUCT DESCRIPTION 2680,8M,67,EA,30216,311217,1,21.1410,,,,AWAIT CATEGORY,M,FJAP
PRICELIST,15025M,PRODUCT DESCRIPTION 2681,8M,67,EA,30216,311217,1,20.1411,,,,AWAIT CATEGORY,M,FJAP
PRICELIST,15026L,PRODUCT DESCRIPTION 2682,8M,67,EA,30216,311217,1,21.1411,,,,AWAIT CATEGORY,M,FJAP
PRICELIST,15027XL,PRODUCT DESCRIPTION 2683,8M,67,EA,30216,311217,1,20.1412,,,,AWAIT CATEGORY,M,FJAP
PRICELIST,15028XXL,PRODUCT DESCRIPTION 2684,8M,67,EA,30216,311217,1,21.1412,,,,AWAIT CATEGORY,M,FJAP
PRICELIST,15029S,PRODUCT DESCRIPTION 2685,8M,67,EA,30216,311217,1,20.1413,,,,AWAIT CATEGORY,M,FJAP
PRICELIST,15030M,PRODUCT DESCRIPTION 2686,8M,67,EA,30216,311217,1,21.1413,,,,AWAIT CATEGORY,M,FJAP
PRICELIST,15031L,PRODUCT DESCRIPTION 2687,8M,67,EA,30216,311217,1,20.1414,,,,AWAIT CATEGORY,M,FJAP
PRICELIST,15032XL,PRODUCT DESCRIPTION 2688,8M,67,EA,30216,311217,1,21.1414,,,,AWAIT CATEGORY,M,FJAP
PRICELIST,15033XXL,PRODUCT DESCRIPTION 2689,8M,67,EA,30216,311217,1,20.1415,,,,AWAIT CATEGORY,M,FJAP
PRICELIST,15034S,PRODUCT DESCRIPTION 2690,8M,67,EA,30216,311217,1,21.1415,,,,AWAIT CATEGORY,M,FJAP
PRICELIST,15035M,PRODUCT DESCRIPTION 2691,8M,67,EA,30216,311217,1,20.1416,,,,AWAIT CATEGORY,M,FJAP
PRICELIST,15036L,PRODUCT DESCRIPTION 2692,8M,67,EA,30216,311217,1,21.1416,,,,AWAIT CATEGORY,M,FJAP
PRICELIST,15037XL,PRODUCT DESCRIPTION 2693,8M,67,EA,30216,311217,1,20.1417,,,,AWAIT CATEGORY,M,FJAP
PRICELIST,15038XXL,PRODUCT DESCRIPTION 2694,8Q,67,PR,30216,311217,1,21.1417,,,,AWAIT CATEGORY,M,FJAP
PRICELIST,15039S,PRODUCT DESCRIPTION 2695,8Q,67,PR,30216,311217,1,20.1418,,,,AWAIT CATEGORY,M,FJAP
PRICELIST,15040M,PRODUCT DESCRIPTION 2696,8Q,67,PR,30216,311217,1,21.1418,,,,AWAIT CATEGORY,M,FJAP
PRICELIST,15041L,PRODUCT DESCRIPTION 2697,8Q,67,PR,30216,311217,1,20.1419,,,,AWAIT CATEGORY,M,FJAP
PRICELIST,15042XL,PRODUCT DESCRIPTION 2698,8Q,67,PR,30216,311217,1,21.1419,,,,AWAIT CATEGORY,M,FJAP
PRICELIST,15043XXL,PRODUCT DESCRIPTION 2699,8Q,67,PR,30216,311217,1,20.1420,,,,AWAIT CATEGORY,M,FJAP
PRICELIST,15044S,PRODUCT DESCRIPTION 2700,8Q,67,PR,30216,311217,1,21.1420,,,,AWAIT CATEGORY,M,FJAP
PRICELIST,15045M,PRODUCT DESCRIPTION 2701,8Q,67,PR,30216,311217,1,20.1421,,,,AWAIT CATEGORY,M,FJAP
PRICELIST,15046L,PRODUCT DESCRIPTION 2702,8Q,67,PR,30216,311217,1,21.1421,,,,AWAIT CATEGORY,M,FJAP
PRICELIST,15047XL,PRODUCT DESCRIPTION 2703,8C,67,EA,30216,311217,1,20.1422,,,,AWAIT CATEGORY,M,FJOW
PRICELIST,15048XXL,PRODUCT DESCRIPTION 2704,8C,67,EA,30216,311217,1,21.1422,,,,AWAIT CATEGORY,M,FJOW
PRICELIST,15049S,PRODUCT DESCRIPTION 2705,8C,67,EA,30216,311217,1,20.1423,,,,AWAIT CATEGORY,M,FJOW
PRICELIST,15050M,PRODUCT DESCRIPTION 2706,8C,67,EA,30216,311217,1,21.1423,,,,AWAIT CATEGORY,M,FJOW
PRICELIST,15051L,PRODUCT DESCRIPTION 2707,8O,67,EA,30216,311217,1,20.1424,,,,AWAIT CATEGORY,M,FJAP
PRICELIST,15052XL,PRODUCT DESCRIPTION 2708,8O,67,EA,30216,311217,1,21.1424,,,,AWAIT CATEGORY,M,FJAP
PRICELIST,15053XXL,PRODUCT DESCRIPTION 2709,8O,67,EA,30216,311217,1,20.1425,,,,AWAIT CATEGORY,M,FJAP
PRICELIST,15054S,PRODUCT DESCRIPTION 2710,8O,67,EA,30216,311217,1,21.1425,,,,AWAIT CATEGORY,M,FJAP
PRICELIST,15055M,PRODUCT DESCRIPTION 2711,8M,67,EA,30216,311217,1,20.1426,,,,AWAIT CATEGORY,M,FJAP
PRICELIST,15056L,PRODUCT DESCRIPTION 2712,88,70,DZ,30216,311217,1,21.1426,,,,P/D EX QTR WM 6,C,SCK1
PRICELIST,15057XL,PRODUCT DESCRIPTION 2713,88,70,DZ,30216,311217,1,20.1427,,,,P/D EX QTR WM 6,C,SCK1
PRICELIST,15058XXL,PRODUCT DESCRIPTION 2714,88,70,DZ,30216,311217,1,21.1427,,,,P/D EX QTR WM 6,C,SCK1
PRICELIST,15059S,PRODUCT DESCRIPTION 2715,88,70,DZ,30216,311217,1,20.1428,,,,P/D EX QTR WM 6,C,SCK1
PRICELIST,15060M,PRODUCT DESCRIPTION 2716,88,70,PR,30216,311217,1,21.1428,,,,P/D EX QTR WM 6,C,SCK1
PRICELIST,15061L,PRODUCT DESCRIPTION 2717,88,70,PR,30216,311217,1,20.1429,,,,P/D EX QTR WM 6,C,SCK1
PRICELIST,15062XL,PRODUCT DESCRIPTION 2718,88,70,PR,30216,311217,1,21.1429,,,,P/D EX QTR WM 6,C,SCK1
PRICELIST,15063XXL,PRODUCT DESCRIPTION 2719,88,70,PR,30216,311217,1,20.1430,,,,P/D EX QTR WM 6,C,SCK1
PRICELIST,15064S,PRODUCT DESCRIPTION 2720,88,70,PR,30216,311217,1,21.1430,,,,P/D EX QTR WM 6,C,SCK1
PRICELIST,15065M,PRODUCT DESCRIPTION 2721,8Z,50,EA,30216,311217,1,20.1431,,,,AWAIT CATEGORY,C,NODS
PRICELIST,15066L,PRODUCT DESCRIPTION 2722,85,50,DZ,30216,311217,1,21.1431,,,,AWAIT CATEGORY,C,TACC
PRICELIST,15067XL,PRODUCT DESCRIPTION 2723,85,50,DZ,30216,311217,1,20.1432,,,,AWAIT CATEGORY,M,TACC
PRICELIST,15068XXL,PRODUCT DESCRIPTION 2724,85,50,DZ,30216,311217,1,21.1432,,,,AWAIT CATEGORY,M,TACC
PRICELIST,15069S,PRODUCT DESCRIPTION 2725,89,60,PR,30216,311217,1,20.1433,,,,AWAIT CATEGORY,M,NSDS
PRICELIST,15070M,PRODUCT DESCRIPTION 2726,89,60,PR,30216,311217,1,21.1433,,,,AWAIT CATEGORY,M,NSDS
PRICELIST,15071L,PRODUCT DESCRIPTION 2727,9R,60,PR,30216,311217,1,20.1434,,,,AWAIT CATEGORY,M,FJ1
PRICELIST,15072XL,PRODUCT DESCRIPTION 2728,9R,60,PR,30216,311217,1,21.1434,,,,AWAIT CATEGORY,M,FJ1
PRICELIST,15073XXL,PRODUCT DESCRIPTION 2729,9R,60,PR,30216,311217,1,20.1435,,,,AWAIT CATEGORY,M,FJ1
PRICELIST,15074S,PRODUCT DESCRIPTION 2730,9R,60,PR,30216,311217,1,21.1435,,,,AWAIT CATEGORY,M,FJ1
PRICELIST,15075M,PRODUCT DESCRIPTION 2731,9G,60,PR,30216,311217,1,20.1436,,,,AWAIT CATEGORY,M,FJ1
PRICELIST,15076L,PRODUCT DESCRIPTION 2732,9G,60,PR,30216,311217,1,21.1436,,,,AWAIT CATEGORY,M,FJ1
PRICELIST,15077XL,PRODUCT DESCRIPTION 2733,9G,60,PR,30216,311217,1,20.1437,,,,AWAIT CATEGORY,M,FJ1
PRICELIST,15078XXL,PRODUCT DESCRIPTION 2734,9G,60,PR,30216,311217,1,21.1437,,,,AWAIT CATEGORY,M,FJ1
PRICELIST,15079S,PRODUCT DESCRIPTION 2735,9G,60,PR,30216,311217,1,20.1438,,,,AWAIT CATEGORY,M,FJ1
PRICELIST,15080M,PRODUCT DESCRIPTION 2736,9G,60,PR,30216,311217,1,21.1438,,,,AWAIT CATEGORY,M,FJ1
PRICELIST,15081L,PRODUCT DESCRIPTION 2737,8Y,80,EA,30216,311217,1,20.1439,,,,AWAIT CATEGORY,C,NODS
PRICELIST,15082XL,PRODUCT DESCRIPTION 2738,98,80,PK,30216,311217,1,21.1439,,,,AWAIT CATEGORY,M,FJAC
PRICELIST,15083XXL,PRODUCT DESCRIPTION 2739,20,20,EA,30216,311217,1,20.1440,,,,AWAIT CATEGORY,C,TIRN
PRICELIST,15084S,PRODUCT DESCRIPTION 2740,20,20,EA,30216,311217,1,21.1440,,,,AWAIT CATEGORY,C,TIRN
PRICELIST,15085M,PRODUCT DESCRIPTION 2741,2B,20,EA,30216,311217,1,20.1441,,,,AWAIT CATEGORY,C,TIRN
PRICELIST,15086L,PRODUCT DESCRIPTION 2742,18,20,ST,30216,311217,1,21.1441,,,,AWAIT CATEGORY,M,TIRN
PRICELIST,15087XL,PRODUCT DESCRIPTION 2743,18,20,ST,30216,311217,1,20.1442,,,,AWAIT CATEGORY,M,TIRN
PRICELIST,15088XXL,PRODUCT DESCRIPTION 2744,18,20,ST,30216,311217,1,21.1442,,,,AWAIT CATEGORY,M,TIRN
PRICELIST,15089S,PRODUCT DESCRIPTION 2745,20,20,EA,30216,311217,1,20.1443,,,,AWAIT CATEGORY,C,TIRN
PRICELIST,15090M,PRODUCT DESCRIPTION 2746,18,20,ST,30216,311217,1,21.1443,,,,AWAIT CATEGORY,M,TIRN
PRICELIST,15091L,PRODUCT DESCRIPTION 2747,11,10,DZ,30216,311217,1,20.1444,,LOGO,,AWAIT CATEGORY,M,GB1
PRICELIST,15092XL,PRODUCT DESCRIPTION 2748,10,10,DZ,30216,311217,1,21.1444,,,,AWAIT CATEGORY,M,GB1
PRICELIST,15093XXL,PRODUCT DESCRIPTION 2749,11,10,DZ,30216,311217,1,20.1445,,LOGO,,AWAIT CATEGORY,M,GB1
PRICELIST,15094S,PRODUCT DESCRIPTION 2750,10,10,DZ,30216,311217,1,21.1445,,,,AWAIT CATEGORY,M,GB1
PRICELIST,15095M,PRODUCT DESCRIPTION 2751,11,10,DZ,30216,311217,1,20.1446,,LOGO,,AWAIT CATEGORY,M,PING
PRICELIST,15096L,PRODUCT DESCRIPTION 2752,10,10,DZ,30216,311217,1,21.1446,,,,AWAIT CATEGORY,M,PINN
PRICELIST,15097XL,PRODUCT DESCRIPTION 2753,11,10,PK,30216,311217,1,20.1447,,LOGO,,AWAIT CATEGORY,M,PING
PRICELIST,15098XXL,PRODUCT DESCRIPTION 2754,15,10,PK,30216,311217,1,21.1447,,,,AWAIT CATEGORY,M,PINN
PRICELIST,15099S,PRODUCT DESCRIPTION 2755,10,10,DZ,30216,311217,1,20.1448,,,,AWAIT CATEGORY,M,PINN
PRICELIST,15100M,PRODUCT DESCRIPTION 2756,20,20,EA,30216,311217,1,21.1448,,,,AWAIT CATEGORY,M,TIRN
PRICELIST,15101L,PRODUCT DESCRIPTION 2757,2X,20,EA,30216,311217,1,20.1449,,,,AWAIT CATEGORY,M,TPUT
PRICELIST,15102XL,PRODUCT DESCRIPTION 2758,85,50,DZ,30216,311217,1,21.1449,,,,AWAIT CATEGORY,M,TACC
PRICELIST,15103XXL,PRODUCT DESCRIPTION 2759,85,50,DZ,30216,311217,1,20.1450,,,,AWAIT CATEGORY,M,TACC
PRICELIST,15104S,PRODUCT DESCRIPTION 2760,85,50,DZ,30216,311217,1,21.1450,,,,AWAIT CATEGORY,M,TACC
PRICELIST,15105M,PRODUCT DESCRIPTION 2761,85,50,SIX,30216,311217,1,20.1451,,,,AWAIT CATEGORY,M,TACC
PRICELIST,15106L,PRODUCT DESCRIPTION 2762,4G,40,EA,30216,311217,1,21.1451,,,,RAINGRIP EXTREM,M,FGLV
PRICELIST,15107XL,PRODUCT DESCRIPTION 2763,4G,40,EA,30216,311217,1,20.1452,,,,RAINGRIP EXTREM,M,FGLV
PRICELIST,15108XXL,PRODUCT DESCRIPTION 2764,4G,40,PR,30216,311217,1,21.1452,,,,RAINGRIP EXTREM,M,FGLV
PRICELIST,15109S,PRODUCT DESCRIPTION 2765,4G,40,EA,30216,311217,1,20.1453,,,,RAINGRIP EXTREM,M,FGLV
PRICELIST,15110M,PRODUCT DESCRIPTION 2766,9H,60,PR,30216,311217,1,21.1453,,,,AWAIT CATEGORY,M,FJ1
PRICELIST,15111L,PRODUCT DESCRIPTION 2767,9H,60,PR,30216,311217,1,20.1454,,,,AWAIT CATEGORY,M,FJ1
PRICELIST,15112XL,PRODUCT DESCRIPTION 2768,9H,60,PR,30216,311217,1,21.1454,,,,AWAIT CATEGORY,M,FJ1
PRICELIST,15113XXL,PRODUCT DESCRIPTION 2769,9H,60,PR,30216,311217,1,20.1455,,,,AWAIT CATEGORY,M,FJ1
PRICELIST,15114S,PRODUCT DESCRIPTION 2770,9H,60,PR,30216,311217,1,21.1455,,,,AWAIT CATEGORY,M,FJ1
PRICELIST,15115M,PRODUCT DESCRIPTION 2771,9H,60,PR,30216,311217,1,20.1456,,,,AWAIT CATEGORY,M,FJ1
PRICELIST,15116L,PRODUCT DESCRIPTION 2772,2X,20,EA,30216,311217,1,21.1456,,,,AWAIT CATEGORY,M,TPUT
PRICELIST,15117XL,PRODUCT DESCRIPTION 2773,2X,20,EA,30216,311217,1,20.1457,,,,AWAIT CATEGORY,M,TPUT
PRICELIST,15118XXL,PRODUCT DESCRIPTION 2774,84,55,EA,30216,311217,1,21.1457,,,,T.CART BAG,C,TBAG
PRICELIST,15119S,PRODUCT DESCRIPTION 2775,84,55,EA,30216,311217,1,20.1458,,,,T.CART BAG,M,TBAG
PRICELIST,15120M,PRODUCT DESCRIPTION 2776,84,55,EA,30216,311217,1,21.1458,,,,AWAIT CATEGORY,C,TBAG
PRICELIST,15121L,PRODUCT DESCRIPTION 2777,84,55,EA,30216,311217,1,20.1459,,,,AWAIT CATEGORY,M,TBAG
PRICELIST,15122XL,PRODUCT DESCRIPTION 2778,20,20,EA,30216,311217,1,21.1459,,,,AWAIT CATEGORY,C,TIRN
PRICELIST,15123XXL,PRODUCT DESCRIPTION 2779,2B,20,EA,30216,311217,1,20.1460,,,,AWAIT CATEGORY,C,TIRN
PRICELIST,15124S,PRODUCT DESCRIPTION 2780,18,20,ST,30216,311217,1,21.1460,,,,AWAIT CATEGORY,M,TIRN
PRICELIST,15125M,PRODUCT DESCRIPTION 2781,18,20,ST,30216,311217,1,20.1461,,,,AWAIT CATEGORY,M,TIRN
PRICELIST,15126L,PRODUCT DESCRIPTION 2782,20,20,EA,30216,311217,1,21.1461,,,,AWAIT CATEGORY,C,TIRN
PRICELIST,15127XL,PRODUCT DESCRIPTION 2783,2B,20,EA,30216,311217,1,20.1462,,,,AWAIT CATEGORY,C,TIRN
PRICELIST,15128XXL,PRODUCT DESCRIPTION 2784,18,20,ST,30216,311217,1,21.1462,,,,AWAIT CATEGORY,M,TIRN
PRICELIST,15129S,PRODUCT DESCRIPTION 2785,18,20,ST,30216,311217,1,20.1463,,,,AWAIT CATEGORY,M,TIRN
PRICELIST,15130M,PRODUCT DESCRIPTION 2786,11,10,DZ,30216,311217,1,21.1463,,,,PRACTICE B NXT,C,NODS
PRICELIST,15131L,PRODUCT DESCRIPTION 2787,85,50,DZ,30216,311217,1,20.1464,,,,AWAIT CATEGORY,M,TACC
PRICELIST,15132XL,PRODUCT DESCRIPTION 2788,12,10,DZ,30216,311217,1,21.1464,,,,AWAIT CATEGORY,C,GB1
PRICELIST,15133XXL,PRODUCT DESCRIPTION 2789,98,60,EA,30216,311217,1,20.1465,,,,AWAIT CATEGORY,M,NSDS
PRICELIST,15134S,PRODUCT DESCRIPTION 2790,98,80,EA,30216,311217,1,21.1465,,,,AWAIT CATEGORY,M,FJAC
PRICELIST,15135M,PRODUCT DESCRIPTION 2791,2B,20,EA,30216,311217,1,20.1466,,,,AWAIT CATEGORY,C,TIRN
PRICELIST,15136L,PRODUCT DESCRIPTION 2792,85,50,DZ,30216,311217,1,21.1466,,,,AWAIT CATEGORY,M,TACC
PRICELIST,15137XL,PRODUCT DESCRIPTION 2793,2X,20,EA,30216,311217,1,20.1467,,,,AWAIT CATEGORY,M,TPUT
PRICELIST,15138XXL,PRODUCT DESCRIPTION 2794,84,55,EA,30216,311217,1,21.1467,,,,AWAIT CATEGORY,M,TBAG
PRICELIST,15139S,PRODUCT DESCRIPTION 2795,HB,40,EA,30216,311217,1,20.1468,,,,AWAIT CATEGORY,C,FGLV
PRICELIST,15140M,PRODUCT DESCRIPTION 2796,HB,40,EA,30216,311217,1,21.1468,,,,AWAIT CATEGORY,C,FGLV
PRICELIST,15141L,PRODUCT DESCRIPTION 2797,HB,40,EA,30216,311217,1,20.1469,,,,AWAIT CATEGORY,C,FGLV
PRICELIST,15142XL,PRODUCT DESCRIPTION 2798,06,40,EA,30216,311217,1,21.1469,,,,AWAIT CATEGORY,C,FGLV
PRICELIST,15143XXL,PRODUCT DESCRIPTION 2799,06,40,EA,30216,311217,1,20.1470,,,,AWAIT CATEGORY,M,FGLV
PRICELIST,15144S,PRODUCT DESCRIPTION 2800,06,40,EA,30216,311217,1,21.1470,,,,AWAIT CATEGORY,C,FGLV
PRICELIST,15145M,PRODUCT DESCRIPTION 2801,06,40,EA,30216,311217,1,20.1471,,,,AWAIT CATEGORY,C,FGLV
PRICELIST,15146L,PRODUCT DESCRIPTION 2802,06,40,EA,30216,311217,1,21.1471,,,,AWAIT CATEGORY,M,FGLV
PRICELIST,15147XL,PRODUCT DESCRIPTION 2803,06,40,EA,30216,311217,1,20.1472,,,,AWAIT CATEGORY,C,FGLV
PRICELIST,15148XXL,PRODUCT DESCRIPTION 2804,06,40,EA,30216,311217,1,21.1472,,,,AWAIT CATEGORY,C,FGLV
PRICELIST,15149S,PRODUCT DESCRIPTION 2805,84,55,EA,30216,311217,1,20.1473,,,,T.CART BAG,C,TBAG
PRICELIST,15150M,PRODUCT DESCRIPTION 2806,9H,60,PR,30216,311217,1,21.1473,,,,AWAIT CATEGORY,M,FJ1
PRICELIST,15151L,PRODUCT DESCRIPTION 2807,9H,60,PR,30216,311217,1,20.1474,,,,AWAIT CATEGORY,M,FJ1
PRICELIST,15152XL,PRODUCT DESCRIPTION 2808,9H,60,PR,30216,311217,1,21.1474,,,,AWAIT CATEGORY,M,FJ1
PRICELIST,15153XXL,PRODUCT DESCRIPTION 2809,95,70,SIX,30216,311217,1,20.1475,,,,AWAIT CATEGORY,M,SCK1
PRICELIST,15154S,PRODUCT DESCRIPTION 2810,95,70,SIX,30216,311217,1,21.1475,,,,AWAIT CATEGORY,M,SCK1
PRICELIST,15155M,PRODUCT DESCRIPTION 2811,95,70,SIX,30216,311217,1,20.1476,,,,AWAIT CATEGORY,M,SCK1
PRICELIST,15156L,PRODUCT DESCRIPTION 2812,95,70,SIX,30216,311217,1,21.1476,,,,AWAIT CATEGORY,M,SCK1
PRICELIST,15157XL,PRODUCT DESCRIPTION 2813,97,70,PK,30216,311217,1,20.1477,,,,AWAIT CATEGORY,M,SCK1
PRICELIST,15158XXL,PRODUCT DESCRIPTION 2814,85,50,EA,30216,311217,1,21.1477,,,,TOWEL,C,TACC
PRICELIST,15159S,PRODUCT DESCRIPTION 2815,82,55,EA,30216,311217,1,20.1478,,,,PUTTERS HCOVER,C,TACC
PRICELIST,15160M,PRODUCT DESCRIPTION 2816,8Z,10,EA,30216,311217,3,21.1478,,PCHG,,AWAIT CATEGORY,C,NODS
PRICELIST,15161L,PRODUCT DESCRIPTION 2817,8Z,10,EA,30216,311217,12,20.1479,,PCHG,,AWAIT CATEGORY,C,NODS
PRICELIST,15162XL,PRODUCT DESCRIPTION 2818,8Z,10,EA,30216,311217,24,21.1479,,PCHG,,AWAIT CATEGORY,C,NODS
PRICELIST,15163XXL,PRODUCT DESCRIPTION 2819,8Z,10,EA,30216,311217,48,20.1480,,PCHG,,AWAIT CATEGORY,C,NODS
PRICELIST,15164S,PRODUCT DESCRIPTION 2820,8Z,10,EA,30216,311217,95,21.1480,,PCHG,,AWAIT CATEGORY,C,NODS
PRICELIST,15165M,PRODUCT DESCRIPTION 2821,8Z,10,EA,30216,311217,144,20.1481,,PCHG,N,AWAIT CATEGORY,C,NODS
PRICELIST,15166L,PRODUCT DESCRIPTION 2822,8Z,10,EA,30216,311217,1,21.1481,,TCHG,,AWAIT CATEGORY,C,NODS
PRICELIST,15167XL,PRODUCT DESCRIPTION 2823,8Z,10,EA,30216,311217,12,20.1482,,TCHG,,AWAIT CATEGORY,C,NODS
PRICELIST,15168XXL,PRODUCT DESCRIPTION 2824,8Z,10,EA,30216,311217,24,21.1482,,TCHG,,AWAIT CATEGORY,C,NODS
PRICELIST,15169S,PRODUCT DESCRIPTION 2825,8Z,10,EA,30216,311217,48,20.1483,,TCHG,,AWAIT CATEGORY,C,NODS
PRICELIST,15170M,PRODUCT DESCRIPTION 2826,8Z,10,EA,30216,311217,95,21.1483,,TCHG,,AWAIT CATEGORY,C,NODS
PRICELIST,15171L,PRODUCT DESCRIPTION 2827,8Z,10,EA,30216,311217,144,20.1484,,TCHG,N,AWAIT CATEGORY,C,NODS
PRICELIST,15172XL,PRODUCT DESCRIPTION 2828,8Z,10,EA,30216,311217,3,21.1484,,PCHG,,AWAIT CATEGORY,C,NODS
PRICELIST,15173XXL,PRODUCT DESCRIPTION 2829,8M,67,EA,30216,311217,1,20.1485,,,,AWAIT CATEGORY,M,FJAP
PRICELIST,15174S,PRODUCT DESCRIPTION 2830,8M,67,EA,30216,311217,1,21.1485,,,,AWAIT CATEGORY,M,FJAP
PRICELIST,15175M,PRODUCT DESCRIPTION 2831,8M,67,EA,30216,311217,1,20.1486,,,,AWAIT CATEGORY,M,FJAP
PRICELIST,15176L,PRODUCT DESCRIPTION 2832,8M,67,EA,30216,311217,1,21.1486,,,,AWAIT CATEGORY,M,FJAP
PRICELIST,15177XL,PRODUCT DESCRIPTION 2833,8O,67,EA,30216,311217,1,20.1487,,,,AWAIT CATEGORY,C,FJAP
PRICELIST,15178XXL,PRODUCT DESCRIPTION 2834,8O,67,EA,30216,311217,1,21.1487,,,,AWAIT CATEGORY,C,FJAP
PRICELIST,15179S,PRODUCT DESCRIPTION 2835,8O,67,EA,30216,311217,1,20.1488,,,,AWAIT CATEGORY,M,FJAP
PRICELIST,15180M,PRODUCT DESCRIPTION 2836,8M,67,EA,30216,311217,1,21.1488,,,,AWAIT CATEGORY,M,FJAP
PRICELIST,15181L,PRODUCT DESCRIPTION 2837,8M,67,EA,30216,311217,1,20.1489,,,,AWAIT CATEGORY,M,FJAP
PRICELIST,15182XL,PRODUCT DESCRIPTION 2838,8M,67,EA,30216,311217,1,21.1489,,,,AWAIT CATEGORY,M,FJAP
PRICELIST,15183XXL,PRODUCT DESCRIPTION 2839,8M,67,EA,30216,311217,1,20.1490,,,,AWAIT CATEGORY,M,FJAP
PRICELIST,15184S,PRODUCT DESCRIPTION 2840,8M,67,EA,30216,311217,1,21.1490,,,,AWAIT CATEGORY,M,FJAP
PRICELIST,15185M,PRODUCT DESCRIPTION 2841,8M,67,EA,30216,311217,1,20.1491,,,,AWAIT CATEGORY,M,FJAP
PRICELIST,15186L,PRODUCT DESCRIPTION 2842,8M,67,EA,30216,311217,1,21.1491,,,,AWAIT CATEGORY,M,FJAP
PRICELIST,15187XL,PRODUCT DESCRIPTION 2843,8M,67,EA,30216,311217,1,20.1492,,,,AWAIT CATEGORY,M,FJAP
PRICELIST,15188XXL,PRODUCT DESCRIPTION 2844,8M,67,EA,30216,311217,1,21.1492,,,,AWAIT CATEGORY,M,FJAP
PRICELIST,15189S,PRODUCT DESCRIPTION 2845,8M,67,EA,30216,311217,1,20.1493,,,,AWAIT CATEGORY,M,FJAP
PRICELIST,15190M,PRODUCT DESCRIPTION 2846,8M,67,EA,30216,311217,1,21.1493,,,,AWAIT CATEGORY,M,FJAP
PRICELIST,15191L,PRODUCT DESCRIPTION 2847,8M,67,EA,30216,311217,1,20.1494,,,,AWAIT CATEGORY,M,FJAP
PRICELIST,15192XL,PRODUCT DESCRIPTION 2848,8M,67,EA,30216,311217,1,21.1494,,,,AWAIT CATEGORY,M,FJAP
PRICELIST,15193XXL,PRODUCT DESCRIPTION 2849,8M,67,EA,30216,311217,1,20.1495,,,,AWAIT CATEGORY,M,FJAP
PRICELIST,15194S,PRODUCT DESCRIPTION 2850,8M,67,EA,30216,311217,1,21.1495,,,,AWAIT CATEGORY,M,FJAP
PRICELIST,15195M,PRODUCT DESCRIPTION 2851,8M,67,EA,30216,311217,1,20.1496,,,,AWAIT CATEGORY,M,FJAP
PRICELIST,15196L,PRODUCT DESCRIPTION 2852,8M,67,EA,30216,311217,1,21.1496,,,,AWAIT CATEGORY,M,FJAP
PRICELIST,15197XL,PRODUCT DESCRIPTION 2853,8M,67,EA,30216,311217,1,20.1497,,,,AWAIT CATEGORY,M,FJAP
PRICELIST,15198S,PRODUCT DESCRIPTION 2854,8M,67,EA,30216,311217,1,21.1497,,,,AWAIT CATEGORY,M,FJAP
PRICELIST,15199M,PRODUCT DESCRIPTION 2855,8M,67,EA,30216,311217,1,20.1498,,,,AWAIT CATEGORY,M,FJAP
PRICELIST,15200L,PRODUCT DESCRIPTION 2856,8M,67,EA,30216,311217,1,21.1498,,,,AWAIT CATEGORY,M,FJAP
PRICELIST,15201XL,PRODUCT DESCRIPTION 2857,8M,67,EA,30216,311217,1,20.1499,,,,AWAIT CATEGORY,M,FJAP
PRICELIST,15202XXL,PRODUCT DESCRIPTION 2858,8M,67,EA,30216,311217,1,21.1499,,,,AWAIT CATEGORY,M,FJAP
PRICELIST,15203S,PRODUCT DESCRIPTION 2859,8M,67,EA,30216,311217,1,20.1500,,,,AWAIT CATEGORY,M,FJAP
PRICELIST,15204M,PRODUCT DESCRIPTION 2860,8M,67,EA,30216,311217,1,21.1500,,,,AWAIT CATEGORY,M,FJAP
PRICELIST,15205L,PRODUCT DESCRIPTION 2861,8M,67,EA,30216,311217,1,20.1501,,,,AWAIT CATEGORY,M,FJAP
PRICELIST,15206XL,PRODUCT DESCRIPTION 2862,8M,67,EA,30216,311217,1,21.1501,,,,AWAIT CATEGORY,M,FJAP
PRICELIST,15207XXL,PRODUCT DESCRIPTION 2863,8M,67,EA,30216,311217,1,20.1502,,,,AWAIT CATEGORY,M,FJAP
PRICELIST,15208S,PRODUCT DESCRIPTION 2864,8M,67,EA,30216,311217,1,21.1502,,,,AWAIT CATEGORY,M,FJAP
PRICELIST,15209M,PRODUCT DESCRIPTION 2865,8M,67,EA,30216,311217,1,20.1503,,,,AWAIT CATEGORY,M,FJAP
PRICELIST,15210L,PRODUCT DESCRIPTION 2866,8M,67,EA,30216,311217,1,21.1503,,,,AWAIT CATEGORY,M,FJAP
PRICELIST,15211XL,PRODUCT DESCRIPTION 2867,8M,67,EA,30216,311217,1,20.1504,,,,AWAIT CATEGORY,M,FJAP
PRICELIST,15212XXL,PRODUCT DESCRIPTION 2868,8M,67,EA,30216,311217,1,21.1504,,,,AWAIT CATEGORY,M,FJAP
PRICELIST,15213S,PRODUCT DESCRIPTION 2869,8M,67,EA,30216,311217,1,20.1505,,,,AWAIT CATEGORY,M,FJAP
PRICELIST,15214M,PRODUCT DESCRIPTION 2870,8M,67,EA,30216,311217,1,21.1505,,,,AWAIT CATEGORY,M,FJAP
PRICELIST,15215L,PRODUCT DESCRIPTION 2871,8M,67,EA,30216,311217,1,20.1506,,,,AWAIT CATEGORY,M,FJAP
PRICELIST,15216XL,PRODUCT DESCRIPTION 2872,8M,67,EA,30216,311217,1,21.1506,,,,AWAIT CATEGORY,M,FJAP
PRICELIST,15217XXL,PRODUCT DESCRIPTION 2873,8M,67,EA,30216,311217,1,20.1507,,,,AWAIT CATEGORY,M,FJAP
PRICELIST,15218S,PRODUCT DESCRIPTION 2874,8M,67,EA,30216,311217,1,21.1507,,,,AWAIT CATEGORY,M,FJAP
PRICELIST,15219M,PRODUCT DESCRIPTION 2875,8M,67,EA,30216,311217,1,20.1508,,,,AWAIT CATEGORY,M,FJAP
PRICELIST,15220L,PRODUCT DESCRIPTION 2876,8M,67,EA,30216,311217,1,21.1508,,,,AWAIT CATEGORY,M,FJAP
PRICELIST,15221XL,PRODUCT DESCRIPTION 2877,8M,67,EA,30216,311217,1,20.1509,,,,AWAIT CATEGORY,M,FJAP
PRICELIST,15222XXL,PRODUCT DESCRIPTION 2878,8M,67,EA,30216,311217,1,21.1509,,,,AWAIT CATEGORY,M,FJAP
PRICELIST,15223S,PRODUCT DESCRIPTION 2879,8M,67,EA,30216,311217,1,20.1510,,,,AWAIT CATEGORY,M,FJAP
PRICELIST,15224M,PRODUCT DESCRIPTION 2880,8M,67,EA,30216,311217,1,21.1510,,,,AWAIT CATEGORY,M,FJAP
PRICELIST,15225L,PRODUCT DESCRIPTION 2881,8M,67,EA,30216,311217,1,20.1511,,,,AWAIT CATEGORY,M,FJAP
PRICELIST,15226XL,PRODUCT DESCRIPTION 2882,8M,67,EA,30216,311217,1,21.1511,,,,AWAIT CATEGORY,M,FJAP
PRICELIST,15227XXL,PRODUCT DESCRIPTION 2883,8M,67,EA,30216,311217,1,20.1512,,,,AWAIT CATEGORY,M,FJAP
PRICELIST,15228S,PRODUCT DESCRIPTION 2884,8M,67,EA,30216,311217,1,21.1512,,,,AWAIT CATEGORY,M,FJAP
PRICELIST,15229M,PRODUCT DESCRIPTION 2885,8M,67,EA,30216,311217,1,20.1513,,,,AWAIT CATEGORY,M,FJAP
PRICELIST,15230L,PRODUCT DESCRIPTION 2886,8M,67,EA,30216,311217,1,21.1513,,,,AWAIT CATEGORY,M,FJAP
PRICELIST,15231XL,PRODUCT DESCRIPTION 2887,8M,67,EA,30216,311217,1,20.1514,,,,AWAIT CATEGORY,M,FJAP
PRICELIST,15232XXL,PRODUCT DESCRIPTION 2888,8M,67,EA,30216,311217,1,21.1514,,,,AWAIT CATEGORY,M,FJAP
PRICELIST,15233S,PRODUCT DESCRIPTION 2889,8M,67,EA,30216,311217,1,20.1515,,,,AWAIT CATEGORY,M,FJAP
PRICELIST,15234M,PRODUCT DESCRIPTION 2890,8M,67,EA,30216,311217,1,21.1515,,,,AWAIT CATEGORY,M,FJAP
PRICELIST,15235L,PRODUCT DESCRIPTION 2891,8M,67,EA,30216,311217,1,20.1516,,,,AWAIT CATEGORY,M,FJAP
PRICELIST,15236XL,PRODUCT DESCRIPTION 2892,8M,67,EA,30216,311217,1,21.1516,,,,AWAIT CATEGORY,M,FJAP
PRICELIST,15237XXL,PRODUCT DESCRIPTION 2893,8M,67,EA,30216,311217,1,20.1517,,,,AWAIT CATEGORY,M,FJAP
PRICELIST,15238S,PRODUCT DESCRIPTION 2894,8O,67,EA,30216,311217,1,21.1517,,,,AWAIT CATEGORY,M,FJAP
PRICELIST,15239M,PRODUCT DESCRIPTION 2895,8O,67,EA,30216,311217,1,20.1518,,,,AWAIT CATEGORY,M,FJAP
PRICELIST,15240L,PRODUCT DESCRIPTION 2896,8O,67,EA,30216,311217,1,21.1518,,,,AWAIT CATEGORY,M,FJAP
PRICELIST,15241XL,PRODUCT DESCRIPTION 2897,8O,67,EA,30216,311217,1,20.1519,,,,AWAIT CATEGORY,M,FJAP
PRICELIST,15242XXL,PRODUCT DESCRIPTION 2898,8O,67,EA,30216,311217,1,21.1519,,,,AWAIT CATEGORY,M,FJAP
PRICELIST,15243S,PRODUCT DESCRIPTION 2899,8O,67,EA,30216,311217,1,20.1520,,,,AWAIT CATEGORY,M,FJAP
PRICELIST,15244M,PRODUCT DESCRIPTION 2900,8O,67,EA,30216,311217,1,21.1520,,,,AWAIT CATEGORY,M,FJAP
PRICELIST,15245L,PRODUCT DESCRIPTION 2901,8O,67,EA,30216,311217,1,20.1521,,,,AWAIT CATEGORY,M,FJAP
PRICELIST,15246XL,PRODUCT DESCRIPTION 2902,8O,67,EA,30216,311217,1,21.1521,,,,AWAIT CATEGORY,M,FJAP
PRICELIST,15247XXL,PRODUCT DESCRIPTION 2903,8Q,67,PR,30216,311217,1,20.1522,,,,AWAIT CATEGORY,C,FJAP
PRICELIST,15248S,PRODUCT DESCRIPTION 2904,8Q,67,PR,30216,311217,1,21.1522,,,,AWAIT CATEGORY,C,FJAP
PRICELIST,15249M,PRODUCT DESCRIPTION 2905,8Q,67,PR,30216,311217,1,20.1523,,,,AWAIT CATEGORY,M,FJAP
PRICELIST,15250L,PRODUCT DESCRIPTION 2906,8Q,67,PR,30216,311217,1,21.1523,,,,AWAIT CATEGORY,C,FJAP
PRICELIST,15251XL,PRODUCT DESCRIPTION 2907,8O,67,EA,30216,311217,1,20.1524,,,,AWAIT CATEGORY,M,FJAP
PRICELIST,15252XXL,PRODUCT DESCRIPTION 2908,8O,67,EA,30216,311217,1,21.1524,,,,AWAIT CATEGORY,M,FJAP
PRICELIST,15253S,PRODUCT DESCRIPTION 2909,8O,67,EA,30216,311217,1,20.1525,,,,AWAIT CATEGORY,M,FJAP
PRICELIST,15254M,PRODUCT DESCRIPTION 2910,8O,67,EA,30216,311217,1,21.1525,,,,AWAIT CATEGORY,M,FJAP
PRICELIST,15255L,PRODUCT DESCRIPTION 2911,8O,67,EA,30216,311217,1,20.1526,,,,AWAIT CATEGORY,M,FJAP
PRICELIST,15256XL,PRODUCT DESCRIPTION 2912,8O,67,EA,30216,311217,1,21.1526,,,,AWAIT CATEGORY,M,FJAP
PRICELIST,15257XXL,PRODUCT DESCRIPTION 2913,8Q,67,PR,30216,311217,1,20.1527,,,,AWAIT CATEGORY,M,FJAP
PRICELIST,15258S,PRODUCT DESCRIPTION 2914,8Q,67,PR,30216,311217,1,21.1527,,,,AWAIT CATEGORY,M,FJAP
PRICELIST,15259M,PRODUCT DESCRIPTION 2915,8Q,67,PR,30216,311217,1,20.1528,,,,AWAIT CATEGORY,M,FJAP
PRICELIST,15260L,PRODUCT DESCRIPTION 2916,8Q,67,PR,30216,311217,1,21.1528,,,,AWAIT CATEGORY,M,FJAP
PRICELIST,15261XL,PRODUCT DESCRIPTION 2917,8Q,67,PR,30216,311217,1,20.1529,,,,AWAIT CATEGORY,M,FJAP
PRICELIST,15262XXL,PRODUCT DESCRIPTION 2918,8Q,67,PR,30216,311217,1,21.1529,,,,AWAIT CATEGORY,M,FJAP
PRICELIST,15263S,PRODUCT DESCRIPTION 2919,8Q,67,PR,30216,311217,1,20.1530,,,,AWAIT CATEGORY,M,FJAP
PRICELIST,15264M,PRODUCT DESCRIPTION 2920,8Q,67,PR,30216,311217,1,21.1530,,,,AWAIT CATEGORY,M,FJAP
PRICELIST,15265L,PRODUCT DESCRIPTION 2921,8Q,67,PR,30216,311217,1,20.1531,,,,AWAIT CATEGORY,M,FJAP
PRICELIST,15266XL,PRODUCT DESCRIPTION 2922,8D,67,EA,30216,311217,1,21.1531,,,,AWAIT CATEGORY,M,FJOW
PRICELIST,15267XXL,PRODUCT DESCRIPTION 2923,8D,67,EA,30216,311217,1,20.1532,,,,AWAIT CATEGORY,M,FJOW
PRICELIST,15268S,PRODUCT DESCRIPTION 2924,8D,67,EA,30216,311217,1,21.1532,,,,AWAIT CATEGORY,M,FJOW
PRICELIST,15269M,PRODUCT DESCRIPTION 2925,8M,67,EA,30216,311217,1,20.1533,,,,AWAIT CATEGORY,C,FJAP
PRICELIST,15270L,PRODUCT DESCRIPTION 2926,8M,67,EA,30216,311217,1,21.1533,,,,AWAIT CATEGORY,C,FJAP
PRICELIST,15271XL,PRODUCT DESCRIPTION 2927,8M,67,EA,30216,311217,1,20.1534,,,,AWAIT CATEGORY,C,FJAP
PRICELIST,15272XXL,PRODUCT DESCRIPTION 2928,8M,67,EA,30216,311217,1,21.1534,,,,AWAIT CATEGORY,C,FJAP
PRICELIST,15273S,PRODUCT DESCRIPTION 2929,8M,67,EA,30216,311217,1,20.1535,,,,AWAIT CATEGORY,C,FJAP
PRICELIST,15274M,PRODUCT DESCRIPTION 2930,8M,67,EA,30216,311217,1,21.1535,,,,AWAIT CATEGORY,C,FJAP
PRICELIST,15275L,PRODUCT DESCRIPTION 2931,8M,67,EA,30216,311217,1,20.1536,,,,AWAIT CATEGORY,C,FJAP
PRICELIST,15276XL,PRODUCT DESCRIPTION 2932,8M,67,EA,30216,311217,1,21.1536,,,,AWAIT CATEGORY,C,FJAP
PRICELIST,15277XXL,PRODUCT DESCRIPTION 2933,8M,67,EA,30216,311217,1,20.1537,,,,AWAIT CATEGORY,M,FJAP
PRICELIST,15278S,PRODUCT DESCRIPTION 2934,8M,67,EA,30216,311217,1,21.1537,,,,AWAIT CATEGORY,M,FJAP
PRICELIST,15279M,PRODUCT DESCRIPTION 2935,8M,67,EA,30216,311217,1,20.1538,,,,AWAIT CATEGORY,M,FJAP
PRICELIST,15280L,PRODUCT DESCRIPTION 2936,8M,67,EA,30216,311217,1,21.1538,,,,AWAIT CATEGORY,M,FJAP
PRICELIST,15281XL,PRODUCT DESCRIPTION 2937,8O,67,EA,30216,311217,1,20.1539,,,,AWAIT CATEGORY,M,FJAP
PRICELIST,15282XXL,PRODUCT DESCRIPTION 2938,8O,67,EA,30216,311217,1,21.1539,,,,AWAIT CATEGORY,M,FJAP
PRICELIST,15283S,PRODUCT DESCRIPTION 2939,8O,67,EA,30216,311217,1,20.1540,,,,AWAIT CATEGORY,M,FJAP
PRICELIST,15284M,PRODUCT DESCRIPTION 2940,8O,67,EA,30216,311217,1,21.1540,,,,AWAIT CATEGORY,M,FJAP
PRICELIST,15285L,PRODUCT DESCRIPTION 2941,8O,67,EA,30216,311217,1,20.1541,,,,AWAIT CATEGORY,M,FJAP
PRICELIST,15286XL,PRODUCT DESCRIPTION 2942,8Q,67,PR,30216,311217,1,21.1541,,,,AWAIT CATEGORY,C,FJAP
PRICELIST,15287XXL,PRODUCT DESCRIPTION 2943,8Q,67,PR,30216,311217,1,20.1542,,,,AWAIT CATEGORY,C,FJAP
PRICELIST,15288S,PRODUCT DESCRIPTION 2944,8Q,67,PR,30216,311217,1,21.1542,,,,AWAIT CATEGORY,M,FJAP
PRICELIST,15289M,PRODUCT DESCRIPTION 2945,8Q,67,PR,30216,311217,1,20.1543,,,,AWAIT CATEGORY,M,FJAP
PRICELIST,15290L,PRODUCT DESCRIPTION 2946,8M,67,EA,30216,311217,1,21.1543,,,,AWAIT CATEGORY,M,FJAP
PRICELIST,15291XL,PRODUCT DESCRIPTION 2947,8M,67,EA,30216,311217,1,20.1544,,,,AWAIT CATEGORY,M,FJAP
PRICELIST,15292XXL,PRODUCT DESCRIPTION 2948,8M,67,EA,30216,311217,1,21.1544,,,,AWAIT CATEGORY,M,FJAP
PRICELIST,15293S,PRODUCT DESCRIPTION 2949,8M,67,EA,30216,311217,1,20.1545,,,,AWAIT CATEGORY,M,FJAP
PRICELIST,15294M,PRODUCT DESCRIPTION 2950,8M,67,EA,30216,311217,1,21.1545,,,,AWAIT CATEGORY,M,FJAP
PRICELIST,15295L,PRODUCT DESCRIPTION 2951,8M,67,EA,30216,311217,1,20.1546,,,,AWAIT CATEGORY,M,FJAP
PRICELIST,15296XL,PRODUCT DESCRIPTION 2952,8M,67,EA,30216,311217,1,21.1546,,,,AWAIT CATEGORY,M,FJAP
PRICELIST,15297XXL,PRODUCT DESCRIPTION 2953,8M,67,EA,30216,311217,1,20.1547,,,,AWAIT CATEGORY,M,FJAP
PRICELIST,15298S,PRODUCT DESCRIPTION 2954,8M,67,EA,30216,311217,1,21.1547,,,,AWAIT CATEGORY,M,FJAP
PRICELIST,15299M,PRODUCT DESCRIPTION 2955,8M,67,EA,30216,311217,1,20.1548,,,,AWAIT CATEGORY,M,FJAP
PRICELIST,15300L,PRODUCT DESCRIPTION 2956,8O,67,EA,30216,311217,1,21.1548,,,,AWAIT CATEGORY,M,FJAP
PRICELIST,15301XL,PRODUCT DESCRIPTION 2957,8O,67,EA,30216,311217,1,20.1549,,,,AWAIT CATEGORY,M,FJAP
PRICELIST,15302XXL,PRODUCT DESCRIPTION 2958,8O,67,EA,30216,311217,1,21.1549,,,,AWAIT CATEGORY,M,FJAP
PRICELIST,15303S,PRODUCT DESCRIPTION 2959,8O,67,EA,30216,311217,1,20.1550,,,,AWAIT CATEGORY,M,FJAP
PRICELIST,15304M,PRODUCT DESCRIPTION 2960,8O,67,EA,30216,311217,1,21.1550,,,,AWAIT CATEGORY,M,FJAP
PRICELIST,15305L,PRODUCT DESCRIPTION 2961,8O,67,EA,30216,311217,1,20.1551,,,,AWAIT CATEGORY,M,FJAP
PRICELIST,15306XL,PRODUCT DESCRIPTION 2962,8T,67,EA,30216,311217,1,21.1551,,,,AWAIT CATEGORY,M,FJAP
PRICELIST,15307XXL,PRODUCT DESCRIPTION 2963,8T,67,EA,30216,311217,1,20.1552,,,,AWAIT CATEGORY,M,FJAP
PRICELIST,15308S,PRODUCT DESCRIPTION 2964,8T,67,EA,30216,311217,1,21.1552,,,,AWAIT CATEGORY,M,FJAP
PRICELIST,15309M,PRODUCT DESCRIPTION 2965,8T,67,EA,30216,311217,1,20.1553,,,,AWAIT CATEGORY,M,FJAP
PRICELIST,15310L,PRODUCT DESCRIPTION 2966,8T,67,EA,30216,311217,1,21.1553,,,,AWAIT CATEGORY,M,FJAP
PRICELIST,15311XL,PRODUCT DESCRIPTION 2967,8T,67,EA,30216,311217,1,20.1554,,,,AWAIT CATEGORY,M,FJAP
PRICELIST,15312XXL,PRODUCT DESCRIPTION 2968,8T,67,EA,30216,311217,1,21.1554,,,,AWAIT CATEGORY,M,FJAP
PRICELIST,15313S,PRODUCT DESCRIPTION 2969,8T,67,EA,30216,311217,1,20.1555,,,,AWAIT CATEGORY,M,FJAP
PRICELIST,15314M,PRODUCT DESCRIPTION 2970,8T,67,EA,30216,311217,1,21.1555,,,,AWAIT CATEGORY,M,FJAP
PRICELIST,15315L,PRODUCT DESCRIPTION 2971,8T,67,EA,30216,311217,1,20.1556,,,,AWAIT CATEGORY,M,FJAP
PRICELIST,15316XL,PRODUCT DESCRIPTION 2972,8T,67,EA,30216,311217,1,21.1556,,,,AWAIT CATEGORY,M,FJAP
PRICELIST,15317XXL,PRODUCT DESCRIPTION 2973,8T,67,EA,30216,311217,1,20.1557,,,,AWAIT CATEGORY,M,FJAP
PRICELIST,15318S,PRODUCT DESCRIPTION 2974,8Q,67,PR,30216,311217,1,21.1557,,,,AWAIT CATEGORY,M,FJAP
PRICELIST,15319M,PRODUCT DESCRIPTION 2975,8Q,67,PR,30216,311217,1,20.1558,,,,AWAIT CATEGORY,M,FJAP
PRICELIST,15320L,PRODUCT DESCRIPTION 2976,8M,67,EA,30216,311217,1,21.1558,,,,AWAIT CATEGORY,M,FJAP
PRICELIST,15321XL,PRODUCT DESCRIPTION 2977,8Q,67,PR,30216,311217,1,20.1559,,,,AWAIT CATEGORY,M,FJAP
PRICELIST,15322XXL,PRODUCT DESCRIPTION 2978,8T,67,EA,30216,311217,1,21.1559,,,,AWAIT CATEGORY,C,FJAP
PRICELIST,15323S,PRODUCT DESCRIPTION 2979,8T,67,EA,30216,311217,1,20.1560,,,,AWAIT CATEGORY,C,FJAP
PRICELIST,15324M,PRODUCT DESCRIPTION 2980,8T,67,EA,30216,311217,1,21.1560,,,,AWAIT CATEGORY,C,FJAP
PRICELIST,15325L,PRODUCT DESCRIPTION 2981,8T,67,EA,30216,311217,1,20.1561,,,,AWAIT CATEGORY,M,FJAP
PRICELIST,15326XL,PRODUCT DESCRIPTION 2982,9P,60,PR,30216,311217,1,21.1561,,,,AWAIT CATEGORY,M,FJ1
PRICELIST,15327XXL,PRODUCT DESCRIPTION 2983,9P,60,PR,30216,311217,1,20.1562,,,,AWAIT CATEGORY,M,FJ1
PRICELIST,15328S,PRODUCT DESCRIPTION 2984,9P,60,PR,30216,311217,1,21.1562,,,,AWAIT CATEGORY,M,FJ1
PRICELIST,15329M,PRODUCT DESCRIPTION 2985,9K,60,PR,30216,311217,1,20.1563,,,,AWAIT CATEGORY,M,FJ1
PRICELIST,15330L,PRODUCT DESCRIPTION 2986,9K,60,PR,30216,311217,1,21.1563,,,,AWAIT CATEGORY,M,FJ1
PRICELIST,15331XL,PRODUCT DESCRIPTION 2987,9B,60,PR,30216,311217,1,20.1564,,,,AWAIT CATEGORY,M,FJ1
PRICELIST,15332XXL,PRODUCT DESCRIPTION 2988,9B,60,PR,30216,311217,1,21.1564,,,,AWAIT CATEGORY,M,FJ1
PRICELIST,15333S,PRODUCT DESCRIPTION 2989,9B,60,PR,30216,311217,1,20.1565,,,,AWAIT CATEGORY,M,FJ1
PRICELIST,15334M,PRODUCT DESCRIPTION 2990,9B,60,PR,30216,311217,1,21.1565,,,,AWAIT CATEGORY,M,FJ1
PRICELIST,15335L,PRODUCT DESCRIPTION 2991,9G,60,PR,30216,311217,1,20.1566,,,,AWAIT CATEGORY,M,FJ1
PRICELIST,15336XL,PRODUCT DESCRIPTION 2992,9G,60,PR,30216,311217,1,21.1566,,,,AWAIT CATEGORY,M,FJ1
PRICELIST,15337XXL,PRODUCT DESCRIPTION 2993,9H,60,PR,30216,311217,1,20.1567,,,,AWAIT CATEGORY,M,FJ1
PRICELIST,15338S,PRODUCT DESCRIPTION 2994,9H,60,PR,30216,311217,1,21.1567,,,,AWAIT CATEGORY,M,FJ1
PRICELIST,15339M,PRODUCT DESCRIPTION 2995,9H,60,PR,30216,311217,1,20.1568,,,,AWAIT CATEGORY,M,FJ1
PRICELIST,15340L,PRODUCT DESCRIPTION 2996,9H,60,PR,30216,311217,1,21.1568,,,,AWAIT CATEGORY,M,FJ1
PRICELIST,15341XL,PRODUCT DESCRIPTION 2997,9H,60,PR,30216,311217,1,20.1569,,,,AWAIT CATEGORY,M,FJ1
PRICELIST,15342XXL,PRODUCT DESCRIPTION 2998,9S,60,PR,30216,311217,1,21.1569,,,,AWAIT CATEGORY,M,FJ1
PRICELIST,15343S,PRODUCT DESCRIPTION 2999,9S,60,PR,30216,311217,1,20.1570,,,,AWAIT CATEGORY,M,FJ1
PRICELIST,15344M,PRODUCT DESCRIPTION 3000,9S,60,PR,30216,311217,1,21.1570,,,,AWAIT CATEGORY,M,FJ1
PRICELIST,15345L,PRODUCT DESCRIPTION 3001,9S,60,PR,30216,311217,1,20.1571,,,,AWAIT CATEGORY,M,FJ1
PRICELIST,15346XL,PRODUCT DESCRIPTION 3002,9S,60,PR,30216,311217,1,21.1571,,,,AWAIT CATEGORY,M,FJ1
PRICELIST,15347XXL,PRODUCT DESCRIPTION 3003,9S,60,PR,30216,311217,1,20.1572,,,,AWAIT CATEGORY,M,FJ1
PRICELIST,15348S,PRODUCT DESCRIPTION 3004,9S,60,PR,30216,311217,1,21.1572,,,,AWAIT CATEGORY,M,FJ1
PRICELIST,15349M,PRODUCT DESCRIPTION 3005,9S,60,PR,30216,311217,1,20.1573,,,,AWAIT CATEGORY,M,FJ1
PRICELIST,15350L,PRODUCT DESCRIPTION 3006,9S,60,PR,30216,311217,1,21.1573,,,,AWAIT CATEGORY,M,FJ1
PRICELIST,15351XL,PRODUCT DESCRIPTION 3007,9S,60,PR,30216,311217,1,20.1574,,,,AWAIT CATEGORY,M,FJ1
PRICELIST,15352XXL,PRODUCT DESCRIPTION 3008,9S,60,PR,30216,311217,1,21.1574,,,,AWAIT CATEGORY,M,FJ1
PRICELIST,15353S,PRODUCT DESCRIPTION 3009,9S,60,PR,30216,311217,1,20.1575,,,,AWAIT CATEGORY,M,FJ1
PRICELIST,15354M,PRODUCT DESCRIPTION 3010,9S,60,PR,30216,311217,1,21.1575,,,,AWAIT CATEGORY,M,FJ1
PRICELIST,15355L,PRODUCT DESCRIPTION 3011,9S,60,PR,30216,311217,1,20.1576,,,,AWAIT CATEGORY,M,FJ1
PRICELIST,15356XL,PRODUCT DESCRIPTION 3012,9W,60,PR,30216,311217,1,21.1576,,,,AWAIT CATEGORY,M,FJ1
PRICELIST,15357XXL,PRODUCT DESCRIPTION 3013,9W,60,PR,30216,311217,1,20.1577,,,,AWAIT CATEGORY,M,FJ1
PRICELIST,15358S,PRODUCT DESCRIPTION 3014,9W,60,PR,30216,311217,1,21.1577,,,,AWAIT CATEGORY,M,FJ1
PRICELIST,15359M,PRODUCT DESCRIPTION 3015,9W,60,PR,30216,311217,1,20.1578,,,,AWAIT CATEGORY,M,FJ1
PRICELIST,15360L,PRODUCT DESCRIPTION 3016,9R,60,PR,30216,311217,1,21.1578,,,,AWAIT CATEGORY,M,FJ1
PRICELIST,15361XL,PRODUCT DESCRIPTION 3017,9R,60,PR,30216,311217,1,20.1579,,,,AWAIT CATEGORY,M,FJ1
PRICELIST,15362XXL,PRODUCT DESCRIPTION 3018,9R,60,PR,30216,311217,1,21.1579,,,,AWAIT CATEGORY,M,FJ1
PRICELIST,15363S,PRODUCT DESCRIPTION 3019,9R,60,PR,30216,311217,1,20.1580,,,,AWAIT CATEGORY,M,FJ1
PRICELIST,15364M,PRODUCT DESCRIPTION 3020,9R,60,PR,30216,311217,1,21.1580,,,,AWAIT CATEGORY,M,FJ1
PRICELIST,15365L,PRODUCT DESCRIPTION 3021,9M,60,PR,30216,311217,1,20.1581,,,,AWAIT CATEGORY,M,FJ1
PRICELIST,15366XL,PRODUCT DESCRIPTION 3022,9M,60,PR,30216,311217,1,21.1581,,,,AWAIT CATEGORY,M,FJ1
PRICELIST,15367XXL,PRODUCT DESCRIPTION 3023,9K,60,PR,30216,311217,1,20.1582,,,,AWAIT CATEGORY,M,FJ1
PRICELIST,15368S,PRODUCT DESCRIPTION 3024,9S,60,PR,30216,311217,1,21.1582,,,,AWAIT CATEGORY,M,FJ1
PRICELIST,15369M,PRODUCT DESCRIPTION 3025,9S,60,PR,30216,311217,1,20.1583,,,,AWAIT CATEGORY,M,FJ1
PRICELIST,15370L,PRODUCT DESCRIPTION 3026,9S,60,PR,30216,311217,1,21.1583,,,,AWAIT CATEGORY,M,FJ1
PRICELIST,15371XL,PRODUCT DESCRIPTION 3027,9S,60,PR,30216,311217,1,20.1584,,,,AWAIT CATEGORY,M,FJ1
PRICELIST,15372S,PRODUCT DESCRIPTION 3028,9G,60,PR,30216,311217,1,21.1584,,,,AWAIT CATEGORY,M,FJ1
PRICELIST,15373M,PRODUCT DESCRIPTION 3029,9G,60,PR,30216,311217,1,20.1585,,,,AWAIT CATEGORY,M,FJ1
PRICELIST,15374L,PRODUCT DESCRIPTION 3030,9H,60,PR,30216,311217,1,21.1585,,,,AWAIT CATEGORY,M,FJ1
PRICELIST,15375XL,PRODUCT DESCRIPTION 3031,9X,60,PR,30216,311217,1,20.1586,,,,AWAIT CATEGORY,M,FJ1
PRICELIST,15376XXL,PRODUCT DESCRIPTION 3032,9T,60,PR,30216,311217,1,21.1586,,,,AWAIT CATEGORY,M,FJ1
PRICELIST,15377S,PRODUCT DESCRIPTION 3033,9T,60,PR,30216,311217,1,20.1587,,,,AWAIT CATEGORY,M,FJ1
PRICELIST,15378M,PRODUCT DESCRIPTION 3034,9T,60,PR,30216,311217,1,21.1587,,,,AWAIT CATEGORY,M,FJ1
PRICELIST,15379L,PRODUCT DESCRIPTION 3035,9T,60,PR,30216,311217,1,20.1588,,,,AWAIT CATEGORY,M,FJ1
PRICELIST,15380XL,PRODUCT DESCRIPTION 3036,9T,60,PR,30216,311217,1,21.1588,,,,AWAIT CATEGORY,M,FJ1
PRICELIST,15381XXL,PRODUCT DESCRIPTION 3037,9T,60,PR,30216,311217,1,20.1589,,,,AWAIT CATEGORY,M,FJ1
PRICELIST,15382S,PRODUCT DESCRIPTION 3038,9T,60,PR,30216,311217,1,21.1589,,,,AWAIT CATEGORY,M,FJ1
PRICELIST,15383M,PRODUCT DESCRIPTION 3039,9T,60,PR,30216,311217,1,20.1590,,,,AWAIT CATEGORY,M,FJ1
PRICELIST,15384L,PRODUCT DESCRIPTION 3040,9T,60,PR,30216,311217,1,21.1590,,,,AWAIT CATEGORY,M,FJ1
PRICELIST,15385XL,PRODUCT DESCRIPTION 3041,9T,60,PR,30216,311217,1,20.1591,,,,AWAIT CATEGORY,M,FJ1
PRICELIST,15386XXL,PRODUCT DESCRIPTION 3042,9R,60,PR,30216,311217,1,21.1591,,,,AWAIT CATEGORY,M,FJ1
PRICELIST,15387S,PRODUCT DESCRIPTION 3043,9R,60,PR,30216,311217,1,20.1592,,,,AWAIT CATEGORY,M,FJ1
PRICELIST,15388M,PRODUCT DESCRIPTION 3044,9R,60,PR,30216,311217,1,21.1592,,,,AWAIT CATEGORY,M,FJ1
PRICELIST,15389L,PRODUCT DESCRIPTION 3045,9M,60,PR,30216,311217,1,20.1593,,,,AWAIT CATEGORY,M,FJ1
PRICELIST,15390XL,PRODUCT DESCRIPTION 3046,9H,60,PR,30216,311217,1,21.1593,,,,AWAIT CATEGORY,M,FJ1
PRICELIST,15391XXL,PRODUCT DESCRIPTION 3047,8D,67,EA,30216,311217,1,20.1594,,,,AWAIT CATEGORY,M,FJOW
PRICELIST,15392S,PRODUCT DESCRIPTION 3048,8M,67,PK,30216,311217,1,21.1594,,,,FJ SRT SH S/S,M,FJAP
PRICELIST,15393M,PRODUCT DESCRIPTION 3049,9K,60,PR,30216,311217,1,20.1595,,,,AWAIT CATEGORY,M,FJ1
PRICELIST,15394L,PRODUCT DESCRIPTION 3050,11,10,DZ,30216,311217,1,21.1595,,LOGO,,PRO V1,M,GB1
PRICELIST,15395XL,PRODUCT DESCRIPTION 3051,11,10,DZ,30216,311217,1,20.1596,,LOGO,,PRO V1,M,GB1
PRICELIST,15396XXL,PRODUCT DESCRIPTION 3052,11,10,PK,30216,311217,1,21.1596,,,,AWAIT CATEGORY,M,PING
PRICELIST,15397S,PRODUCT DESCRIPTION 3053,11,10,PK,30216,311217,1,20.1597,,,,AWAIT CATEGORY,M,PING
PRICELIST,15398M,PRODUCT DESCRIPTION 3054,8Z,10,EA,30216,311217,3,21.1597,,,,AWAIT CATEGORY,C,NODS
PRICELIST,15399L,PRODUCT DESCRIPTION 3055,8Z,10,EA,30216,311217,6,20.1598,,,,AWAIT CATEGORY,C,NODS
PRICELIST,15400XL,PRODUCT DESCRIPTION 3056,11,10,DZ,30216,311217,1,21.1598,,,,AWAIT CATEGORY,M,GB1
PRICELIST,15401XXL,PRODUCT DESCRIPTION 3057,11,10,DZ,30216,311217,1,20.1599,,LOGO,,AWAIT CATEGORY,M,GB1
PRICELIST,15402S,PRODUCT DESCRIPTION 3058,10,10,DZ,30216,311217,1,21.1599,,,,AWAIT CATEGORY,M,GB1
PRICELIST,15403M,PRODUCT DESCRIPTION 3059,85,50,EA,30216,311217,1,20.1600,,,,AWAIT CATEGORY,M,TACC
PRICELIST,15404L,PRODUCT DESCRIPTION 3060,85,50,EA,30216,311217,1,21.1600,,,,AWAIT CATEGORY,M,TACC
PRICELIST,15405XL,PRODUCT DESCRIPTION 3061,85,50,EA,30216,311217,1,20.1601,,,,AWAIT CATEGORY,M,TACC
PRICELIST,15406XXL,PRODUCT DESCRIPTION 3062,85,50,EA,30216,311217,1,21.1601,,,,AWAIT CATEGORY,M,TACC
PRICELIST,15407S,PRODUCT DESCRIPTION 3063,85,50,EA,30216,311217,1,20.1602,,,,AWAIT CATEGORY,M,TACC
PRICELIST,15408M,PRODUCT DESCRIPTION 3064,85,50,EA,30216,311217,1,21.1602,,,,AWAIT CATEGORY,M,TACC
PRICELIST,15409L,PRODUCT DESCRIPTION 3065,85,50,EA,30216,311217,1,20.1603,,,,AWAIT CATEGORY,M,TACC
PRICELIST,15410XL,PRODUCT DESCRIPTION 3066,4G,40,EA,30216,311217,1,21.1603,,,,RAINGRIP EXTREM,C,FGLV
PRICELIST,15411XXL,PRODUCT DESCRIPTION 3067,4G,40,EA,30216,311217,1,20.1604,,,,RAINGRIP EXTREM,C,FGLV
PRICELIST,15412S,PRODUCT DESCRIPTION 3068,4G,40,EA,30216,311217,1,21.1604,,,,RAINGRIP EXTREM,C,FGLV
PRICELIST,15413M,PRODUCT DESCRIPTION 3069,4G,40,EA,30216,311217,1,20.1605,,,,RAINGRIP EXTREM,C,FGLV
PRICELIST,15414L,PRODUCT DESCRIPTION 3070,4G,40,EA,30216,311217,1,21.1605,,,,RAINGRIP EXTREM,C,FGLV
PRICELIST,15415XL,PRODUCT DESCRIPTION 3071,4M,40,EA,30216,311217,1,20.1606,,,,STASOF,C,FGLV
PRICELIST,15416XXL,PRODUCT DESCRIPTION 3072,4M,40,EA,30216,311217,1,21.1606,,,,STASOF,C,FGLV
PRICELIST,15417S,PRODUCT DESCRIPTION 3073,4M,40,EA,30216,311217,1,20.1607,,,,STASOF,C,FGLV
PRICELIST,15418M,PRODUCT DESCRIPTION 3074,4M,40,EA,30216,311217,1,21.1607,,,,STASOF,C,FGLV
PRICELIST,15419L,PRODUCT DESCRIPTION 3075,2B,20,EA,30216,311217,1,20.1608,,,,AWAIT CATEGORY,C,TIRN
PRICELIST,15420XL,PRODUCT DESCRIPTION 3076,2K,20,EA,30216,311217,1,21.1608,,,,CHARGE,C,NODS
PRICELIST,15421XXL,PRODUCT DESCRIPTION 3077,8B,67,EA,30216,311217,1,20.1609,,,,AWAIT CATEGORY,M,FJOW
PRICELIST,15422S,PRODUCT DESCRIPTION 3078,8B,67,EA,30216,311217,1,21.1609,,,,AWAIT CATEGORY,M,FJOW
PRICELIST,15423M,PRODUCT DESCRIPTION 3079,8B,67,EA,30216,311217,1,20.1610,,,,AWAIT CATEGORY,M,FJOW
PRICELIST,15424L,PRODUCT DESCRIPTION 3080,8B,67,EA,30216,311217,1,21.1610,,,,AWAIT CATEGORY,M,FJOW
PRICELIST,15425XL,PRODUCT DESCRIPTION 3081,8B,67,EA,30216,311217,1,20.1611,,,,AWAIT CATEGORY,M,FJOW
PRICELIST,15426XXL,PRODUCT DESCRIPTION 3082,8B,67,EA,30216,311217,1,21.1611,,,,AWAIT CATEGORY,M,FJOW
PRICELIST,15427S,PRODUCT DESCRIPTION 3083,8C,67,EA,30216,311217,1,20.1612,,,,AWAIT CATEGORY,M,FJOW
PRICELIST,15428M,PRODUCT DESCRIPTION 3084,8C,67,EA,30216,311217,1,21.1612,,,,AWAIT CATEGORY,M,FJOW
PRICELIST,15429L,PRODUCT DESCRIPTION 3085,8C,67,EA,30216,311217,1,20.1613,,,,AWAIT CATEGORY,M,FJOW
PRICELIST,15430XL,PRODUCT DESCRIPTION 3086,8D,67,EA,30216,311217,1,21.1613,,,,AWAIT CATEGORY,M,FJOW
PRICELIST,15431XXL,PRODUCT DESCRIPTION 3087,8D,67,EA,30216,311217,1,20.1614,,,,AWAIT CATEGORY,M,FJOW
PRICELIST,15432S,PRODUCT DESCRIPTION 3088,8D,67,EA,30216,311217,1,21.1614,,,,AWAIT CATEGORY,M,FJOW
PRICELIST,15433M,PRODUCT DESCRIPTION 3089,8D,67,EA,30216,311217,1,20.1615,,,,AWAIT CATEGORY,M,FJOW
PRICELIST,15434L,PRODUCT DESCRIPTION 3090,8D,67,EA,30216,311217,1,21.1615,,,,AWAIT CATEGORY,M,FJOW
PRICELIST,15435XL,PRODUCT DESCRIPTION 3091,8P,67,EA,30216,311217,1,20.1616,,,,AWAIT CATEGORY,M,FJAP
PRICELIST,15436XXL,PRODUCT DESCRIPTION 3092,8L,67,EA,30216,311217,1,21.1616,,,,AWAIT CATEGORY,M,FJAP
PRICELIST,15437S,PRODUCT DESCRIPTION 3093,8L,67,EA,30216,311217,1,20.1617,,,,AWAIT CATEGORY,M,FJAP
PRICELIST,15438M,PRODUCT DESCRIPTION 3094,8L,67,EA,30216,311217,1,21.1617,,,,AWAIT CATEGORY,M,FJAP
PRICELIST,15439L,PRODUCT DESCRIPTION 3095,8O,67,EA,30216,311217,1,20.1618,,,,AWAIT CATEGORY,M,FJAP
PRICELIST,15440XL,PRODUCT DESCRIPTION 3096,8O,67,EA,30216,311217,1,21.1618,,,,AWAIT CATEGORY,M,FJAP
PRICELIST,15441XXL,PRODUCT DESCRIPTION 3097,8O,67,EA,30216,311217,1,20.1619,,,,AWAIT CATEGORY,M,FJAP
PRICELIST,15442S,PRODUCT DESCRIPTION 3098,8O,67,EA,30216,311217,1,21.1619,,,,AWAIT CATEGORY,C,FJAP
PRICELIST,15443M,PRODUCT DESCRIPTION 3099,8O,67,EA,30216,311217,1,20.1620,,,,AWAIT CATEGORY,M,FJAP
PRICELIST,15444L,PRODUCT DESCRIPTION 3100,8O,67,EA,30216,311217,1,21.1620,,,,AWAIT CATEGORY,C,FJAP
PRICELIST,15445XL,PRODUCT DESCRIPTION 3101,8O,67,EA,30216,311217,1,20.1621,,,,AWAIT CATEGORY,M,FJAP
PRICELIST,15446XXL,PRODUCT DESCRIPTION 3102,8O,67,EA,30216,311217,1,21.1621,,,,AWAIT CATEGORY,M,FJAP
PRICELIST,15447S,PRODUCT DESCRIPTION 3103,8O,67,EA,30216,311217,1,20.1622,,,,AWAIT CATEGORY,M,FJAP
PRICELIST,15448M,PRODUCT DESCRIPTION 3104,8O,67,EA,30216,311217,1,21.1622,,,,AWAIT CATEGORY,M,FJAP
PRICELIST,15449L,PRODUCT DESCRIPTION 3105,8Q,67,PR,30216,311217,1,20.1623,,,,AWAIT CATEGORY,M,FJAP
PRICELIST,15450XL,PRODUCT DESCRIPTION 3106,8B,67,EA,30216,311217,1,21.1623,,,,AWAIT CATEGORY,M,FJOW
PRICELIST,15451XXL,PRODUCT DESCRIPTION 3107,8C,67,EA,30216,311217,1,20.1624,,,,AWAIT CATEGORY,M,FJOW
PRICELIST,15452S,PRODUCT DESCRIPTION 3108,8C,67,EA,30216,311217,1,21.1624,,,,AWAIT CATEGORY,M,FJOW
PRICELIST,15453M,PRODUCT DESCRIPTION 3109,8P,67,EA,30216,311217,1,20.1625,,,,OUTERWEAR,M,FJAP
PRICELIST,15454L,PRODUCT DESCRIPTION 3110,8O,67,EA,30216,311217,1,21.1625,,,,AWAIT CATEGORY,C,FJAP
PRICELIST,15455XL,PRODUCT DESCRIPTION 3111,8O,67,EA,30216,311217,1,20.1626,,,,AWAIT CATEGORY,C,FJAP
PRICELIST,15456XXL,PRODUCT DESCRIPTION 3112,8O,67,EA,30216,311217,1,21.1626,,,,AWAIT CATEGORY,C,FJAP
PRICELIST,15457S,PRODUCT DESCRIPTION 3113,95,70,PR,30216,311217,1,20.1627,,,,AWAIT CATEGORY,M,SCK1
PRICELIST,15458M,PRODUCT DESCRIPTION 3114,8Q,67,EA,30216,311217,1,21.1627,,,,AWAIT CATEGORY,M,FJAP
PRICELIST,15459L,PRODUCT DESCRIPTION 3115,07,50,SET,30216,311217,1,20.1628,,,,AWAIT CATEGORY,C,NODS
PRICELIST,15460XL,PRODUCT DESCRIPTION 3116,18,20,PK,30216,311217,1,21.1628,,,,AWAIT CATEGORY,M,TIRN
PRICELIST,15461XXL,PRODUCT DESCRIPTION 3117,4U,40,EA,30216,311217,1,20.1629,,,,AWAIT CATEGORY,C,FGLV
PRICELIST,15462S,PRODUCT DESCRIPTION 3118,4U,40,EA,30216,311217,1,21.1629,,,,AWAIT CATEGORY,C,FGLV
PRICELIST,15463M,PRODUCT DESCRIPTION 3119,2B,20,EA,30216,311217,1,20.1630,,,,AWAIT CATEGORY,C,TIRN
PRICELIST,15464L,PRODUCT DESCRIPTION 3120,2B,20,EA,30216,311217,1,21.1630,,,,AWAIT CATEGORY,C,TIRN
PRICELIST,15465XL,PRODUCT DESCRIPTION 3121,2B,20,EA,30216,311217,1,20.1631,,,,AWAIT CATEGORY,C,TIRN
PRICELIST,15466XXL,PRODUCT DESCRIPTION 3122,2B,20,EA,30216,311217,1,21.1631,,,,AWAIT CATEGORY,C,TIRN
PRICELIST,15467S,PRODUCT DESCRIPTION 3123,8D,67,EA,30216,311217,1,20.1632,,,,AWAIT CATEGORY,M,FJOW
PRICELIST,15468M,PRODUCT DESCRIPTION 3124,8M,67,EA,30216,311217,1,21.1632,,,,AWAIT CATEGORY,M,FJAP
PRICELIST,15469L,PRODUCT DESCRIPTION 3125,8Z,50,EA,30216,311217,1,20.1633,,TACC,,AWAIT CATEGORY,C,NODS
PRICELIST,15470XL,PRODUCT DESCRIPTION 3126,8Z,50,EA,30216,311217,1,21.1633,,TACC,,AWAIT CATEGORY,C,NODS
PRICELIST,15471XXL,PRODUCT DESCRIPTION 3127,8D,67,EA,30216,311217,1,20.1634,,,,AWAIT CATEGORY,M,FJOW
PRICELIST,15472S,PRODUCT DESCRIPTION 3128,8D,67,EA,30216,311217,1,21.1634,,,,AWAIT CATEGORY,M,FJOW
PRICELIST,15473M,PRODUCT DESCRIPTION 3129,8D,67,EA,30216,311217,1,20.1635,,,,AWAIT CATEGORY,M,FJOW
PRICELIST,15474L,PRODUCT DESCRIPTION 3130,8D,67,EA,30216,311217,1,21.1635,,,,AWAIT CATEGORY,M,FJOW
PRICELIST,15475XL,PRODUCT DESCRIPTION 3131,8D,67,EA,30216,311217,1,20.1636,,,,AWAIT CATEGORY,M,FJOW
PRICELIST,15476XXL,PRODUCT DESCRIPTION 3132,8D,67,EA,30216,311217,1,21.1636,,,,AWAIT CATEGORY,M,FJOW
PRICELIST,15477S,PRODUCT DESCRIPTION 3133,8D,67,EA,30216,311217,1,20.1637,,,,AWAIT CATEGORY,M,FJOW
PRICELIST,15478M,PRODUCT DESCRIPTION 3134,8D,67,EA,30216,311217,1,21.1637,,,,AWAIT CATEGORY,M,FJOW
PRICELIST,15479L,PRODUCT DESCRIPTION 3135,8D,67,EA,30216,311217,1,20.1638,,,,AWAIT CATEGORY,M,FJOW
PRICELIST,15480XL,PRODUCT DESCRIPTION 3136,8D,67,EA,30216,311217,1,21.1638,,,,AWAIT CATEGORY,M,FJOW
PRICELIST,15481XXL,PRODUCT DESCRIPTION 3137,8M,67,EA,30216,311217,1,20.1639,,,,AWAIT CATEGORY,M,FJAP
PRICELIST,15482S,PRODUCT DESCRIPTION 3138,8M,67,EA,30216,311217,1,21.1639,,,,AWAIT CATEGORY,M,FJAP
PRICELIST,15483M,PRODUCT DESCRIPTION 3139,8M,67,EA,30216,311217,1,20.1640,,,,AWAIT CATEGORY,M,FJAP
PRICELIST,15484L,PRODUCT DESCRIPTION 3140,8M,67,EA,30216,311217,1,21.1640,,,,AWAIT CATEGORY,M,FJAP
PRICELIST,15485XL,PRODUCT DESCRIPTION 3141,8M,67,EA,30216,311217,1,20.1641,,,,AWAIT CATEGORY,M,FJAP
PRICELIST,15486XXL,PRODUCT DESCRIPTION 3142,8M,67,EA,30216,311217,1,21.1641,,,,AWAIT CATEGORY,M,FJAP
PRICELIST,15487S,PRODUCT DESCRIPTION 3143,8M,67,EA,30216,311217,1,20.1642,,,,AWAIT CATEGORY,M,FJAP
PRICELIST,15488M,PRODUCT DESCRIPTION 3144,8M,67,EA,30216,311217,1,21.1642,,,,AWAIT CATEGORY,M,FJAP
PRICELIST,15489L,PRODUCT DESCRIPTION 3145,8M,67,EA,30216,311217,1,20.1643,,,,AWAIT CATEGORY,M,FJAP
PRICELIST,15490XL,PRODUCT DESCRIPTION 3146,8M,67,EA,30216,311217,1,21.1643,,,,AWAIT CATEGORY,M,FJAP
PRICELIST,15491XXL,PRODUCT DESCRIPTION 3147,8M,67,EA,30216,311217,1,20.1644,,,,AWAIT CATEGORY,M,FJAP
PRICELIST,15492S,PRODUCT DESCRIPTION 3148,8M,67,EA,30216,311217,1,21.1644,,,,AWAIT CATEGORY,M,FJAP
PRICELIST,15493M,PRODUCT DESCRIPTION 3149,8M,67,EA,30216,311217,1,20.1645,,,,AWAIT CATEGORY,M,FJAP
PRICELIST,15494L,PRODUCT DESCRIPTION 3150,8M,67,EA,30216,311217,1,21.1645,,,,AWAIT CATEGORY,M,FJAP
PRICELIST,15495XL,PRODUCT DESCRIPTION 3151,8M,67,EA,30216,311217,1,20.1646,,,,AWAIT CATEGORY,M,FJAP
PRICELIST,15496XXL,PRODUCT DESCRIPTION 3152,8M,67,EA,30216,311217,1,21.1646,,,,AWAIT CATEGORY,M,FJAP
PRICELIST,15497S,PRODUCT DESCRIPTION 3153,8M,67,EA,30216,311217,1,20.1647,,,,AWAIT CATEGORY,M,FJAP
PRICELIST,15498M,PRODUCT DESCRIPTION 3154,8M,67,EA,30216,311217,1,21.1647,,,,AWAIT CATEGORY,M,FJAP
PRICELIST,15499L,PRODUCT DESCRIPTION 3155,8M,67,EA,30216,311217,1,20.1648,,,,AWAIT CATEGORY,M,FJAP
PRICELIST,15500XL,PRODUCT DESCRIPTION 3156,8M,67,EA,30216,311217,1,21.1648,,,,AWAIT CATEGORY,M,FJAP
PRICELIST,15501XXL,PRODUCT DESCRIPTION 3157,8M,67,EA,30216,311217,1,20.1649,,,,AWAIT CATEGORY,C,FJAP
PRICELIST,15502S,PRODUCT DESCRIPTION 3158,8M,67,EA,30216,311217,1,21.1649,,,,AWAIT CATEGORY,C,FJAP
PRICELIST,15503M,PRODUCT DESCRIPTION 3159,8M,67,EA,30216,311217,1,20.1650,,,,AWAIT CATEGORY,C,FJAP
PRICELIST,15504L,PRODUCT DESCRIPTION 3160,8M,67,EA,30216,311217,1,21.1650,,,,AWAIT CATEGORY,C,FJAP
PRICELIST,15505XL,PRODUCT DESCRIPTION 3161,8M,67,EA,30216,311217,1,20.1651,,,,AWAIT CATEGORY,C,FJAP
PRICELIST,15506XXL,PRODUCT DESCRIPTION 3162,8M,67,EA,30216,311217,1,21.1651,,,,AWAIT CATEGORY,C,FJAP
PRICELIST,15507S,PRODUCT DESCRIPTION 3163,8M,67,EA,30216,311217,1,20.1652,,,,AWAIT CATEGORY,C,FJAP
PRICELIST,15508M,PRODUCT DESCRIPTION 3164,8M,67,EA,30216,311217,1,21.1652,,,,AWAIT CATEGORY,C,FJAP
PRICELIST,15509L,PRODUCT DESCRIPTION 3165,8M,67,EA,30216,311217,1,20.1653,,,,AWAIT CATEGORY,C,FJAP
PRICELIST,15510XL,PRODUCT DESCRIPTION 3166,8M,67,EA,30216,311217,1,21.1653,,,,AWAIT CATEGORY,C,FJAP
PRICELIST,15511XXL,PRODUCT DESCRIPTION 3167,8M,67,EA,30216,311217,1,20.1654,,,,AWAIT CATEGORY,C,FJAP
PRICELIST,15512S,PRODUCT DESCRIPTION 3168,8M,67,EA,30216,311217,1,21.1654,,,,AWAIT CATEGORY,C,FJAP
PRICELIST,15513M,PRODUCT DESCRIPTION 3169,8M,67,EA,30216,311217,1,20.1655,,,,AWAIT CATEGORY,C,FJAP
PRICELIST,15514L,PRODUCT DESCRIPTION 3170,8M,67,EA,30216,311217,1,21.1655,,,,AWAIT CATEGORY,C,FJAP
PRICELIST,15515XL,PRODUCT DESCRIPTION 3171,8M,67,EA,30216,311217,1,20.1656,,,,AWAIT CATEGORY,C,FJAP
PRICELIST,15516XXL,PRODUCT DESCRIPTION 3172,8M,67,EA,30216,311217,1,21.1656,,,,AWAIT CATEGORY,C,FJAP
PRICELIST,15517S,PRODUCT DESCRIPTION 3173,8M,67,EA,30216,311217,1,20.1657,,,,AWAIT CATEGORY,C,FJAP
PRICELIST,15518M,PRODUCT DESCRIPTION 3174,8M,67,EA,30216,311217,1,21.1657,,,,AWAIT CATEGORY,C,FJAP
PRICELIST,15519L,PRODUCT DESCRIPTION 3175,8M,67,EA,30216,311217,1,20.1658,,,,AWAIT CATEGORY,C,FJAP
PRICELIST,15520XL,PRODUCT DESCRIPTION 3176,8M,67,EA,30216,311217,1,21.1658,,,,AWAIT CATEGORY,C,FJAP
PRICELIST,15521XXL,PRODUCT DESCRIPTION 3177,8M,67,EA,30216,311217,1,20.1659,,,,AWAIT CATEGORY,C,FJAP
PRICELIST,15522S,PRODUCT DESCRIPTION 3178,8M,67,EA,30216,311217,1,21.1659,,,,AWAIT CATEGORY,C,FJAP
PRICELIST,15523M,PRODUCT DESCRIPTION 3179,8M,67,EA,30216,311217,1,20.1660,,,,AWAIT CATEGORY,C,FJAP
PRICELIST,15524L,PRODUCT DESCRIPTION 3180,8M,67,EA,30216,311217,1,21.1660,,,,AWAIT CATEGORY,C,FJAP
PRICELIST,15525XL,PRODUCT DESCRIPTION 3181,8M,67,EA,30216,311217,1,20.1661,,,,AWAIT CATEGORY,C,FJAP
PRICELIST,15526XXL,PRODUCT DESCRIPTION 3182,8M,67,EA,30216,311217,1,21.1661,,,,AWAIT CATEGORY,M,FJAP
PRICELIST,15527S,PRODUCT DESCRIPTION 3183,8M,67,EA,30216,311217,1,20.1662,,,,AWAIT CATEGORY,M,FJAP
PRICELIST,15528M,PRODUCT DESCRIPTION 3184,8M,67,EA,30216,311217,1,21.1662,,,,AWAIT CATEGORY,M,FJAP
PRICELIST,15529L,PRODUCT DESCRIPTION 3185,8M,67,EA,30216,311217,1,20.1663,,,,AWAIT CATEGORY,M,FJAP
PRICELIST,15530XL,PRODUCT DESCRIPTION 3186,8M,67,EA,30216,311217,1,21.1663,,,,AWAIT CATEGORY,M,FJAP
PRICELIST,15531XXL,PRODUCT DESCRIPTION 3187,8M,67,EA,30216,311217,1,20.1664,,,,AWAIT CATEGORY,M,FJAP
PRICELIST,15532S,PRODUCT DESCRIPTION 3188,8M,67,EA,30216,311217,1,21.1664,,,,AWAIT CATEGORY,M,FJAP
PRICELIST,15533M,PRODUCT DESCRIPTION 3189,8M,67,EA,30216,311217,1,20.1665,,,,AWAIT CATEGORY,M,FJAP
PRICELIST,15534L,PRODUCT DESCRIPTION 3190,8M,67,EA,30216,311217,1,21.1665,,,,AWAIT CATEGORY,M,FJAP
PRICELIST,15535XL,PRODUCT DESCRIPTION 3191,8M,67,EA,30216,311217,1,20.1666,,,,AWAIT CATEGORY,M,FJAP
PRICELIST,15536XXL,PRODUCT DESCRIPTION 3192,8M,67,EA,30216,311217,1,21.1666,,,,AWAIT CATEGORY,M,FJAP
PRICELIST,15537S,PRODUCT DESCRIPTION 3193,8M,67,EA,30216,311217,1,20.1667,,,,AWAIT CATEGORY,M,FJAP
PRICELIST,15538M,PRODUCT DESCRIPTION 3194,8M,67,EA,30216,311217,1,21.1667,,,,AWAIT CATEGORY,M,FJAP
PRICELIST,15539L,PRODUCT DESCRIPTION 3195,8M,67,EA,30216,311217,1,20.1668,,,,AWAIT CATEGORY,M,FJAP
PRICELIST,15540XL,PRODUCT DESCRIPTION 3196,8M,67,EA,30216,311217,1,21.1668,,,,AWAIT CATEGORY,M,FJAP
PRICELIST,15541XXL,PRODUCT DESCRIPTION 3197,8O,67,EA,30216,311217,1,20.1669,,,,AWAIT CATEGORY,M,FJAP
PRICELIST,15542S,PRODUCT DESCRIPTION 3198,8O,67,EA,30216,311217,1,21.1669,,,,AWAIT CATEGORY,M,FJAP
PRICELIST,15543M,PRODUCT DESCRIPTION 3199,8O,67,EA,30216,311217,1,20.1670,,,,AWAIT CATEGORY,M,FJAP
PRICELIST,15544L,PRODUCT DESCRIPTION 3200,8O,67,EA,30216,311217,1,21.1670,,,,AWAIT CATEGORY,M,FJAP
PRICELIST,15545XL,PRODUCT DESCRIPTION 3201,8O,67,EA,30216,311217,1,20.1671,,,,AWAIT CATEGORY,M,FJAP
PRICELIST,15546S,PRODUCT DESCRIPTION 3202,8O,67,EA,30216,311217,1,21.1671,,,,AWAIT CATEGORY,M,FJAP
PRICELIST,15547M,PRODUCT DESCRIPTION 3203,8O,67,EA,30216,311217,1,20.1672,,,,AWAIT CATEGORY,M,FJAP
PRICELIST,15548L,PRODUCT DESCRIPTION 3204,8O,67,EA,30216,311217,1,21.1672,,,,AWAIT CATEGORY,M,FJAP
PRICELIST,15549XL,PRODUCT DESCRIPTION 3205,8O,67,EA,30216,311217,1,20.1673,,,,AWAIT CATEGORY,M,FJAP
PRICELIST,15550XXL,PRODUCT DESCRIPTION 3206,8O,67,EA,30216,311217,1,21.1673,,,,AWAIT CATEGORY,M,FJAP
PRICELIST,15551S,PRODUCT DESCRIPTION 3207,8O,67,EA,30216,311217,1,20.1674,,,,AWAIT CATEGORY,M,FJAP
PRICELIST,15552M,PRODUCT DESCRIPTION 3208,8O,67,EA,30216,311217,1,21.1674,,,,AWAIT CATEGORY,M,FJAP
PRICELIST,15553L,PRODUCT DESCRIPTION 3209,8O,67,EA,30216,311217,1,20.1675,,,,AWAIT CATEGORY,M,FJAP
PRICELIST,15554XL,PRODUCT DESCRIPTION 3210,8O,67,EA,30216,311217,1,21.1675,,,,AWAIT CATEGORY,M,FJAP
PRICELIST,15555XXL,PRODUCT DESCRIPTION 3211,8O,67,EA,30216,311217,1,20.1676,,,,AWAIT CATEGORY,M,FJAP
PRICELIST,15556S,PRODUCT DESCRIPTION 3212,8O,67,EA,30216,311217,1,21.1676,,,,AWAIT CATEGORY,M,FJAP
PRICELIST,15557M,PRODUCT DESCRIPTION 3213,8O,67,EA,30216,311217,1,20.1677,,,,AWAIT CATEGORY,M,FJAP
PRICELIST,15558L,PRODUCT DESCRIPTION 3214,8O,67,EA,30216,311217,1,21.1677,,,,AWAIT CATEGORY,M,FJAP
PRICELIST,15559XL,PRODUCT DESCRIPTION 3215,8O,67,EA,30216,311217,1,20.1678,,,,AWAIT CATEGORY,M,FJAP
PRICELIST,15560XXL,PRODUCT DESCRIPTION 3216,8O,67,EA,30216,311217,1,21.1678,,,,AWAIT CATEGORY,M,FJAP
PRICELIST,15561S,PRODUCT DESCRIPTION 3217,8O,67,EA,30216,311217,1,20.1679,,,,AWAIT CATEGORY,M,FJAP
PRICELIST,15562M,PRODUCT DESCRIPTION 3218,8O,67,EA,30216,311217,1,21.1679,,,,AWAIT CATEGORY,M,FJAP
PRICELIST,15563L,PRODUCT DESCRIPTION 3219,8O,67,EA,30216,311217,1,20.1680,,,,AWAIT CATEGORY,M,FJAP
PRICELIST,15564XL,PRODUCT DESCRIPTION 3220,8O,67,EA,30216,311217,1,21.1680,,,,AWAIT CATEGORY,M,FJAP
PRICELIST,15565XXL,PRODUCT DESCRIPTION 3221,8O,67,EA,30216,311217,1,20.1681,,,,AWAIT CATEGORY,M,FJAP
PRICELIST,15566S,PRODUCT DESCRIPTION 3222,8O,67,EA,30216,311217,1,21.1681,,,,AWAIT CATEGORY,M,FJAP
PRICELIST,15567M,PRODUCT DESCRIPTION 3223,8O,67,EA,30216,311217,1,20.1682,,,,AWAIT CATEGORY,M,FJAP
PRICELIST,15568L,PRODUCT DESCRIPTION 3224,8O,67,EA,30216,311217,1,21.1682,,,,AWAIT CATEGORY,M,FJAP
PRICELIST,15569XL,PRODUCT DESCRIPTION 3225,8O,67,EA,30216,311217,1,20.1683,,,,AWAIT CATEGORY,M,FJAP
PRICELIST,15570XXL,PRODUCT DESCRIPTION 3226,8O,67,EA,30216,311217,1,21.1683,,,,AWAIT CATEGORY,M,FJAP
PRICELIST,15571S,PRODUCT DESCRIPTION 3227,8O,67,EA,30216,311217,1,20.1684,,,,AWAIT CATEGORY,M,FJAP
PRICELIST,15572M,PRODUCT DESCRIPTION 3228,8O,67,EA,30216,311217,1,21.1684,,,,AWAIT CATEGORY,M,FJAP
PRICELIST,15573L,PRODUCT DESCRIPTION 3229,8O,67,EA,30216,311217,1,20.1685,,,,AWAIT CATEGORY,M,FJAP
PRICELIST,15574XL,PRODUCT DESCRIPTION 3230,8O,67,EA,30216,311217,1,21.1685,,,,AWAIT CATEGORY,M,FJAP
PRICELIST,15575XXL,PRODUCT DESCRIPTION 3231,8O,67,EA,30216,311217,1,20.1686,,,,AWAIT CATEGORY,M,FJAP
PRICELIST,15576S,PRODUCT DESCRIPTION 3232,8O,67,EA,30216,311217,1,21.1686,,,,AWAIT CATEGORY,M,FJAP
PRICELIST,15577M,PRODUCT DESCRIPTION 3233,8O,67,EA,30216,311217,1,20.1687,,,,AWAIT CATEGORY,M,FJAP
PRICELIST,15578L,PRODUCT DESCRIPTION 3234,8O,67,EA,30216,311217,1,21.1687,,,,AWAIT CATEGORY,M,FJAP
PRICELIST,15579XL,PRODUCT DESCRIPTION 3235,8O,67,EA,30216,311217,1,20.1688,,,,AWAIT CATEGORY,M,FJAP
PRICELIST,15580XXL,PRODUCT DESCRIPTION 3236,8O,67,EA,30216,311217,1,21.1688,,,,AWAIT CATEGORY,M,FJAP
PRICELIST,15581S,PRODUCT DESCRIPTION 3237,8O,67,EA,30216,311217,1,20.1689,,,,AWAIT CATEGORY,C,FJAP
PRICELIST,15582M,PRODUCT DESCRIPTION 3238,8O,67,EA,30216,311217,1,21.1689,,,,AWAIT CATEGORY,C,FJAP
PRICELIST,15583L,PRODUCT DESCRIPTION 3239,8O,67,EA,30216,311217,1,20.1690,,,,AWAIT CATEGORY,C,FJAP
PRICELIST,15584XL,PRODUCT DESCRIPTION 3240,8O,67,EA,30216,311217,1,21.1690,,,,AWAIT CATEGORY,C,FJAP
PRICELIST,15585XXL,PRODUCT DESCRIPTION 3241,8O,67,EA,30216,311217,1,20.1691,,,,AWAIT CATEGORY,C,FJAP
PRICELIST,15586S,PRODUCT DESCRIPTION 3242,8O,67,EA,30216,311217,1,21.1691,,,,AWAIT CATEGORY,C,FJAP
PRICELIST,15587M,PRODUCT DESCRIPTION 3243,8O,67,EA,30216,311217,1,20.1692,,,,AWAIT CATEGORY,C,FJAP
PRICELIST,15588L,PRODUCT DESCRIPTION 3244,8O,67,EA,30216,311217,1,21.1692,,,,AWAIT CATEGORY,C,FJAP
PRICELIST,15589XL,PRODUCT DESCRIPTION 3245,8O,67,EA,30216,311217,1,20.1693,,,,AWAIT CATEGORY,C,FJAP
PRICELIST,15590XXL,PRODUCT DESCRIPTION 3246,8O,67,EA,30216,311217,1,21.1693,,,,AWAIT CATEGORY,C,FJAP
PRICELIST,15591S,PRODUCT DESCRIPTION 3247,8O,67,EA,30216,311217,1,20.1694,,,,AWAIT CATEGORY,C,FJAP
PRICELIST,15592M,PRODUCT DESCRIPTION 3248,8O,67,EA,30216,311217,1,21.1694,,,,AWAIT CATEGORY,C,FJAP
PRICELIST,15593L,PRODUCT DESCRIPTION 3249,8O,67,EA,30216,311217,1,20.1695,,,,AWAIT CATEGORY,C,FJAP
PRICELIST,15594XL,PRODUCT DESCRIPTION 3250,8O,67,EA,30216,311217,1,21.1695,,,,AWAIT CATEGORY,C,FJAP
PRICELIST,15595XXL,PRODUCT DESCRIPTION 3251,8O,67,EA,30216,311217,1,20.1696,,,,AWAIT CATEGORY,C,FJAP
PRICELIST,15596S,PRODUCT DESCRIPTION 3252,8O,67,EA,30216,311217,1,21.1696,,,,AWAIT CATEGORY,C,FJAP
PRICELIST,15597M,PRODUCT DESCRIPTION 3253,8O,67,EA,30216,311217,1,20.1697,,,,AWAIT CATEGORY,C,FJAP
PRICELIST,15598L,PRODUCT DESCRIPTION 3254,8O,67,EA,30216,311217,1,21.1697,,,,AWAIT CATEGORY,C,FJAP
PRICELIST,15599XL,PRODUCT DESCRIPTION 3255,8O,67,EA,30216,311217,1,20.1698,,,,AWAIT CATEGORY,C,FJAP
PRICELIST,15600XXL,PRODUCT DESCRIPTION 3256,8O,67,EA,30216,311217,1,21.1698,,,,AWAIT CATEGORY,C,FJAP
PRICELIST,15601S,PRODUCT DESCRIPTION 3257,8Q,67,PR,30216,311217,1,20.1699,,,,AWAIT CATEGORY,M,FJAP
PRICELIST,15602M,PRODUCT DESCRIPTION 3258,8Q,67,PR,30216,311217,1,21.1699,,,,AWAIT CATEGORY,M,FJAP
PRICELIST,15603L,PRODUCT DESCRIPTION 3259,8Q,67,PR,30216,311217,1,20.1700,,,,AWAIT CATEGORY,M,FJAP
PRICELIST,15604XL,PRODUCT DESCRIPTION 3260,8Q,67,PR,30216,311217,1,21.1700,,,,AWAIT CATEGORY,M,FJAP
PRICELIST,15605XXL,PRODUCT DESCRIPTION 3261,8Q,67,PR,30216,311217,1,20.1701,,,,AWAIT CATEGORY,M,FJAP
PRICELIST,15606S,PRODUCT DESCRIPTION 3262,8Q,67,PR,30216,311217,1,21.1701,,,,AWAIT CATEGORY,M,FJAP
PRICELIST,15607M,PRODUCT DESCRIPTION 3263,8Q,67,PR,30216,311217,1,20.1702,,,,AWAIT CATEGORY,M,FJAP
PRICELIST,15608L,PRODUCT DESCRIPTION 3264,8Q,67,PR,30216,311217,1,21.1702,,,,AWAIT CATEGORY,M,FJAP
PRICELIST,15609XL,PRODUCT DESCRIPTION 3265,8Q,67,PR,30216,311217,1,20.1703,,,,AWAIT CATEGORY,M,FJAP
PRICELIST,15610XXL,PRODUCT DESCRIPTION 3266,8Q,67,PR,30216,311217,1,21.1703,,,,AWAIT CATEGORY,M,FJAP
PRICELIST,15611S,PRODUCT DESCRIPTION 3267,8Q,67,PR,30216,311217,1,20.1704,,,,AWAIT CATEGORY,M,FJAP
PRICELIST,15612M,PRODUCT DESCRIPTION 3268,8Q,67,PR,30216,311217,1,21.1704,,,,AWAIT CATEGORY,M,FJAP
PRICELIST,15613L,PRODUCT DESCRIPTION 3269,8Q,67,PR,30216,311217,1,20.1705,,,,AWAIT CATEGORY,M,FJAP
PRICELIST,15614XL,PRODUCT DESCRIPTION 3270,8Q,67,PR,30216,311217,1,21.1705,,,,AWAIT CATEGORY,M,FJAP
PRICELIST,15615XXL,PRODUCT DESCRIPTION 3271,8Q,67,PR,30216,311217,1,20.1706,,,,AWAIT CATEGORY,M,FJAP
PRICELIST,15616S,PRODUCT DESCRIPTION 3272,8Q,67,PR,30216,311217,1,21.1706,,,,AWAIT CATEGORY,M,FJAP
PRICELIST,15617M,PRODUCT DESCRIPTION 3273,8Q,67,PR,30216,311217,1,20.1707,,,,AWAIT CATEGORY,M,FJAP
PRICELIST,15618L,PRODUCT DESCRIPTION 3274,8Q,67,PR,30216,311217,1,21.1707,,,,AWAIT CATEGORY,M,FJAP
PRICELIST,15619XL,PRODUCT DESCRIPTION 3275,8Q,67,PR,30216,311217,1,20.1708,,,,AWAIT CATEGORY,M,FJAP
PRICELIST,15620XXL,PRODUCT DESCRIPTION 3276,8Q,67,PR,30216,311217,1,21.1708,,,,AWAIT CATEGORY,M,FJAP
PRICELIST,15621S,PRODUCT DESCRIPTION 3277,8Q,67,PR,30216,311217,1,20.1709,,,,AWAIT CATEGORY,M,FJAP
PRICELIST,15622M,PRODUCT DESCRIPTION 3278,8Q,67,PR,30216,311217,1,21.1709,,,,AWAIT CATEGORY,M,FJAP
PRICELIST,15623L,PRODUCT DESCRIPTION 3279,8Q,67,PR,30216,311217,1,20.1710,,,,AWAIT CATEGORY,M,FJAP
PRICELIST,15624XL,PRODUCT DESCRIPTION 3280,8Q,67,PR,30216,311217,1,21.1710,,,,AWAIT CATEGORY,M,FJAP
PRICELIST,15625XXL,PRODUCT DESCRIPTION 3281,8Q,67,PR,30216,311217,1,20.1711,,,,AWAIT CATEGORY,M,FJAP
PRICELIST,15626S,PRODUCT DESCRIPTION 3282,8Q,67,PR,30216,311217,1,21.1711,,,,AWAIT CATEGORY,M,FJAP
PRICELIST,15627M,PRODUCT DESCRIPTION 3283,8Q,67,PR,30216,311217,1,20.1712,,,,AWAIT CATEGORY,M,FJAP
PRICELIST,15628L,PRODUCT DESCRIPTION 3284,8Q,67,PR,30216,311217,1,21.1712,,,,AWAIT CATEGORY,M,FJAP
PRICELIST,15629XL,PRODUCT DESCRIPTION 3285,8Q,67,PR,30216,311217,1,20.1713,,,,AWAIT CATEGORY,M,FJAP
PRICELIST,15630XXL,PRODUCT DESCRIPTION 3286,8Q,67,PR,30216,311217,1,21.1713,,,,AWAIT CATEGORY,M,FJAP
PRICELIST,15631S,PRODUCT DESCRIPTION 3287,8Q,67,PR,30216,311217,1,20.1714,,,,AWAIT CATEGORY,M,FJAP
PRICELIST,15632M,PRODUCT DESCRIPTION 3288,8Q,67,PR,30216,311217,1,21.1714,,,,AWAIT CATEGORY,M,FJAP
PRICELIST,15633L,PRODUCT DESCRIPTION 3289,8Q,67,PR,30216,311217,1,20.1715,,,,AWAIT CATEGORY,M,FJAP
PRICELIST,15634XL,PRODUCT DESCRIPTION 3290,8Q,67,PR,30216,311217,1,21.1715,,,,AWAIT CATEGORY,M,FJAP
PRICELIST,15635XXL,PRODUCT DESCRIPTION 3291,8Q,67,PR,30216,311217,1,20.1716,,,,AWAIT CATEGORY,M,FJAP
PRICELIST,15636S,PRODUCT DESCRIPTION 3292,8Q,67,PR,30216,311217,1,21.1716,,,,AWAIT CATEGORY,M,FJAP
PRICELIST,15637M,PRODUCT DESCRIPTION 3293,8Q,67,PR,30216,311217,1,20.1717,,,,AWAIT CATEGORY,M,FJAP
PRICELIST,15638L,PRODUCT DESCRIPTION 3294,8Q,67,PR,30216,311217,1,21.1717,,,,AWAIT CATEGORY,M,FJAP
PRICELIST,15639XL,PRODUCT DESCRIPTION 3295,8Q,67,PR,30216,311217,1,20.1718,,,,AWAIT CATEGORY,M,FJAP
PRICELIST,15640XXL,PRODUCT DESCRIPTION 3296,8Q,67,PR,30216,311217,1,21.1718,,,,AWAIT CATEGORY,M,FJAP
PRICELIST,15641S,PRODUCT DESCRIPTION 3297,8Q,67,PR,30216,311217,1,20.1719,,,,AWAIT CATEGORY,M,FJAP
PRICELIST,15642M,PRODUCT DESCRIPTION 3298,8Q,67,PR,30216,311217,1,21.1719,,,,AWAIT CATEGORY,M,FJAP
PRICELIST,15643L,PRODUCT DESCRIPTION 3299,8Q,67,PR,30216,311217,1,20.1720,,,,AWAIT CATEGORY,M,FJAP
PRICELIST,15644XL,PRODUCT DESCRIPTION 3300,8Q,67,PR,30216,311217,1,21.1720,,,,AWAIT CATEGORY,M,FJAP
PRICELIST,15645XXL,PRODUCT DESCRIPTION 3301,8Q,67,PR,30216,311217,1,20.1721,,,,AWAIT CATEGORY,M,FJAP
PRICELIST,15646S,PRODUCT DESCRIPTION 3302,8Q,67,PR,30216,311217,1,21.1721,,,,AWAIT CATEGORY,M,FJAP
PRICELIST,15647M,PRODUCT DESCRIPTION 3303,8Q,67,PR,30216,311217,1,20.1722,,,,AWAIT CATEGORY,M,FJAP
PRICELIST,15648L,PRODUCT DESCRIPTION 3304,8Q,67,PR,30216,311217,1,21.1722,,,,AWAIT CATEGORY,M,FJAP
PRICELIST,15649XL,PRODUCT DESCRIPTION 3305,8Q,67,PR,30216,311217,1,20.1723,,,,AWAIT CATEGORY,M,FJAP
PRICELIST,15650XXL,PRODUCT DESCRIPTION 3306,8Q,67,PR,30216,311217,1,21.1723,,,,AWAIT CATEGORY,M,FJAP
PRICELIST,15651S,PRODUCT DESCRIPTION 3307,8Q,67,PR,30216,311217,1,20.1724,,,,AWAIT CATEGORY,M,FJAP
PRICELIST,15652M,PRODUCT DESCRIPTION 3308,8Q,67,PR,30216,311217,1,21.1724,,,,AWAIT CATEGORY,M,FJAP
PRICELIST,15653L,PRODUCT DESCRIPTION 3309,8Q,67,PR,30216,311217,1,20.1725,,,,AWAIT CATEGORY,M,FJAP
PRICELIST,15654XL,PRODUCT DESCRIPTION 3310,8Q,67,PR,30216,311217,1,21.1725,,,,AWAIT CATEGORY,M,FJAP
PRICELIST,15655XXL,PRODUCT DESCRIPTION 3311,8Q,67,PR,30216,311217,1,20.1726,,,,AWAIT CATEGORY,M,FJAP
PRICELIST,15656S,PRODUCT DESCRIPTION 3312,8Q,67,PR,30216,311217,1,21.1726,,,,AWAIT CATEGORY,M,FJAP
PRICELIST,15657M,PRODUCT DESCRIPTION 3313,8Q,67,PR,30216,311217,1,20.1727,,,,AWAIT CATEGORY,M,FJAP
PRICELIST,15658L,PRODUCT DESCRIPTION 3314,8Q,67,PR,30216,311217,1,21.1727,,,,AWAIT CATEGORY,M,FJAP
PRICELIST,15659XL,PRODUCT DESCRIPTION 3315,8Q,67,PR,30216,311217,1,20.1728,,,,AWAIT CATEGORY,M,FJAP
PRICELIST,15660XXL,PRODUCT DESCRIPTION 3316,8Q,67,PR,30216,311217,1,21.1728,,,,AWAIT CATEGORY,M,FJAP
PRICELIST,15661S,PRODUCT DESCRIPTION 3317,8Q,67,PR,30216,311217,1,20.1729,,,,AWAIT CATEGORY,M,FJAP
PRICELIST,15662M,PRODUCT DESCRIPTION 3318,8Q,67,PR,30216,311217,1,21.1729,,,,AWAIT CATEGORY,M,FJAP
PRICELIST,15663L,PRODUCT DESCRIPTION 3319,8Q,67,PR,30216,311217,1,20.1730,,,,AWAIT CATEGORY,M,FJAP
PRICELIST,15664XL,PRODUCT DESCRIPTION 3320,8Q,67,PR,30216,311217,1,21.1730,,,,AWAIT CATEGORY,M,FJAP
PRICELIST,15665XXL,PRODUCT DESCRIPTION 3321,8Q,67,PR,30216,311217,1,20.1731,,,,AWAIT CATEGORY,M,FJAP
PRICELIST,15666S,PRODUCT DESCRIPTION 3322,8Q,67,PR,30216,311217,1,21.1731,,,,AWAIT CATEGORY,M,FJAP
PRICELIST,15667M,PRODUCT DESCRIPTION 3323,8Q,67,PR,30216,311217,1,20.1732,,,,AWAIT CATEGORY,M,FJAP
PRICELIST,15668L,PRODUCT DESCRIPTION 3324,8Q,67,PR,30216,311217,1,21.1732,,,,AWAIT CATEGORY,M,FJAP
PRICELIST,15669XL,PRODUCT DESCRIPTION 3325,8Q,67,PR,30216,311217,1,20.1733,,,,AWAIT CATEGORY,M,FJAP
PRICELIST,15670XXL,PRODUCT DESCRIPTION 3326,8Q,67,PR,30216,311217,1,21.1733,,,,AWAIT CATEGORY,M,FJAP
PRICELIST,15671S,PRODUCT DESCRIPTION 3327,8Q,67,PR,30216,311217,1,20.1734,,,,AWAIT CATEGORY,M,FJAP
PRICELIST,15672M,PRODUCT DESCRIPTION 3328,8Q,67,PR,30216,311217,1,21.1734,,,,AWAIT CATEGORY,M,FJAP
PRICELIST,15673L,PRODUCT DESCRIPTION 3329,8Q,67,PR,30216,311217,1,20.1735,,,,AWAIT CATEGORY,M,FJAP
PRICELIST,15674XL,PRODUCT DESCRIPTION 3330,8Q,67,PR,30216,311217,1,21.1735,,,,AWAIT CATEGORY,M,FJAP
PRICELIST,15675XXL,PRODUCT DESCRIPTION 3331,8Q,67,PR,30216,311217,1,20.1736,,,,AWAIT CATEGORY,M,FJAP
PRICELIST,15676S,PRODUCT DESCRIPTION 3332,8Q,67,PR,30216,311217,1,21.1736,,,,AWAIT CATEGORY,M,FJAP
PRICELIST,15677M,PRODUCT DESCRIPTION 3333,8Q,67,PR,30216,311217,1,20.1737,,,,AWAIT CATEGORY,M,FJAP
PRICELIST,15678L,PRODUCT DESCRIPTION 3334,8Q,67,PR,30216,311217,1,21.1737,,,,AWAIT CATEGORY,M,FJAP
PRICELIST,15679XL,PRODUCT DESCRIPTION 3335,8Q,67,PR,30216,311217,1,20.1738,,,,AWAIT CATEGORY,M,FJAP
PRICELIST,15680XXL,PRODUCT DESCRIPTION 3336,8Q,67,PR,30216,311217,1,21.1738,,,,AWAIT CATEGORY,M,FJAP
PRICELIST,15681S,PRODUCT DESCRIPTION 3337,8Q,67,PR,30216,311217,1,20.1739,,,,AWAIT CATEGORY,M,FJAP
PRICELIST,15682M,PRODUCT DESCRIPTION 3338,8Q,67,PR,30216,311217,1,21.1739,,,,AWAIT CATEGORY,M,FJAP
PRICELIST,15683L,PRODUCT DESCRIPTION 3339,8Q,67,PR,30216,311217,1,20.1740,,,,AWAIT CATEGORY,M,FJAP
PRICELIST,15684XL,PRODUCT DESCRIPTION 3340,8Q,67,PR,30216,311217,1,21.1740,,,,AWAIT CATEGORY,M,FJAP
PRICELIST,15685XXL,PRODUCT DESCRIPTION 3341,8Q,67,PR,30216,311217,1,20.1741,,,,AWAIT CATEGORY,M,FJAP
PRICELIST,15686S,PRODUCT DESCRIPTION 3342,8Q,67,PR,30216,311217,1,21.1741,,,,AWAIT CATEGORY,M,FJAP
PRICELIST,15687M,PRODUCT DESCRIPTION 3343,8Q,67,PR,30216,311217,1,20.1742,,,,AWAIT CATEGORY,M,FJAP
PRICELIST,15688L,PRODUCT DESCRIPTION 3344,8Q,67,PR,30216,311217,1,21.1742,,,,AWAIT CATEGORY,M,FJAP
PRICELIST,15689XL,PRODUCT DESCRIPTION 3345,8Q,67,PR,30216,311217,1,20.1743,,,,AWAIT CATEGORY,M,FJAP
PRICELIST,15690XXL,PRODUCT DESCRIPTION 3346,8Q,67,PR,30216,311217,1,21.1743,,,,AWAIT CATEGORY,M,FJAP
PRICELIST,15691S,PRODUCT DESCRIPTION 3347,8Q,67,PR,30216,311217,1,20.1744,,,,AWAIT CATEGORY,M,FJAP
PRICELIST,15692M,PRODUCT DESCRIPTION 3348,8Q,67,PR,30216,311217,1,21.1744,,,,AWAIT CATEGORY,M,FJAP
PRICELIST,15693L,PRODUCT DESCRIPTION 3349,8Q,67,PR,30216,311217,1,20.1745,,,,AWAIT CATEGORY,M,FJAP
PRICELIST,15694XL,PRODUCT DESCRIPTION 3350,8Q,67,PR,30216,311217,1,21.1745,,,,AWAIT CATEGORY,M,FJAP
PRICELIST,15695XXL,PRODUCT DESCRIPTION 3351,8Q,67,PR,30216,311217,1,20.1746,,,,AWAIT CATEGORY,M,FJAP
PRICELIST,15696S,PRODUCT DESCRIPTION 3352,8Q,67,PR,30216,311217,1,21.1746,,,,AWAIT CATEGORY,M,FJAP
PRICELIST,15697M,PRODUCT DESCRIPTION 3353,8M,67,EA,30216,311217,1,20.1747,,,,AWAIT CATEGORY,M,FJAP
PRICELIST,15698L,PRODUCT DESCRIPTION 3354,8M,67,EA,30216,311217,1,21.1747,,,,AWAIT CATEGORY,M,FJAP
PRICELIST,15699XL,PRODUCT DESCRIPTION 3355,8M,67,EA,30216,311217,1,20.1748,,,,AWAIT CATEGORY,M,FJAP
PRICELIST,15700XXL,PRODUCT DESCRIPTION 3356,8M,67,EA,30216,311217,1,21.1748,,,,AWAIT CATEGORY,M,FJAP
PRICELIST,15701S,PRODUCT DESCRIPTION 3357,8M,67,EA,30216,311217,1,20.1749,,,,AWAIT CATEGORY,M,FJAP
PRICELIST,15702M,PRODUCT DESCRIPTION 3358,8O,67,EA,30216,311217,1,21.1749,,,,AWAIT CATEGORY,C,FJAP
PRICELIST,15703L,PRODUCT DESCRIPTION 3359,8O,67,EA,30216,311217,1,20.1750,,,,AWAIT CATEGORY,C,FJAP
PRICELIST,15704XL,PRODUCT DESCRIPTION 3360,8O,67,EA,30216,311217,1,21.1750,,,,AWAIT CATEGORY,C,FJAP
PRICELIST,15705XXL,PRODUCT DESCRIPTION 3361,8O,67,EA,30216,311217,1,20.1751,,,,AWAIT CATEGORY,C,FJAP
PRICELIST,15706S,PRODUCT DESCRIPTION 3362,8O,67,EA,30216,311217,1,21.1751,,,,AWAIT CATEGORY,C,FJAP
PRICELIST,15707M,PRODUCT DESCRIPTION 3363,8O,67,EA,30216,311217,1,20.1752,,,,AWAIT CATEGORY,C,FJAP
PRICELIST,15708L,PRODUCT DESCRIPTION 3364,8O,67,EA,30216,311217,1,21.1752,,,,AWAIT CATEGORY,C,FJAP
PRICELIST,15709XL,PRODUCT DESCRIPTION 3365,8O,67,EA,30216,311217,1,20.1753,,,,AWAIT CATEGORY,C,FJAP
PRICELIST,15710XXL,PRODUCT DESCRIPTION 3366,8O,67,EA,30216,311217,1,21.1753,,,,AWAIT CATEGORY,C,FJAP
PRICELIST,15711S,PRODUCT DESCRIPTION 3367,8O,67,EA,30216,311217,1,20.1754,,,,AWAIT CATEGORY,C,FJAP
PRICELIST,15712M,PRODUCT DESCRIPTION 3368,8O,67,EA,30216,311217,1,21.1754,,,,AWAIT CATEGORY,C,FJAP
PRICELIST,15713L,PRODUCT DESCRIPTION 3369,8O,67,EA,30216,311217,1,20.1755,,,,AWAIT CATEGORY,C,FJAP
PRICELIST,15714XL,PRODUCT DESCRIPTION 3370,8O,67,EA,30216,311217,1,21.1755,,,,AWAIT CATEGORY,C,FJAP
PRICELIST,15715XXL,PRODUCT DESCRIPTION 3371,8O,67,EA,30216,311217,1,20.1756,,,,AWAIT CATEGORY,C,FJAP
PRICELIST,15716S,PRODUCT DESCRIPTION 3372,8O,67,EA,30216,311217,1,21.1756,,,,AWAIT CATEGORY,C,FJAP
PRICELIST,15717M,PRODUCT DESCRIPTION 3373,8O,67,EA,30216,311217,1,20.1757,,,,AWAIT CATEGORY,C,FJAP
PRICELIST,15718L,PRODUCT DESCRIPTION 3374,8O,67,EA,30216,311217,1,21.1757,,,,AWAIT CATEGORY,C,FJAP
PRICELIST,15719XL,PRODUCT DESCRIPTION 3375,8O,67,EA,30216,311217,1,20.1758,,,,AWAIT CATEGORY,C,FJAP
PRICELIST,15720S,PRODUCT DESCRIPTION 3376,8O,67,EA,30216,311217,1,21.1758,,,,AWAIT CATEGORY,C,FJAP
PRICELIST,15721M,PRODUCT DESCRIPTION 3377,8O,67,EA,30216,311217,1,20.1759,,,,AWAIT CATEGORY,C,FJAP
PRICELIST,15722L,PRODUCT DESCRIPTION 3378,8O,67,EA,30216,311217,1,21.1759,,,,AWAIT CATEGORY,C,FJAP
PRICELIST,15723XL,PRODUCT DESCRIPTION 3379,8O,67,EA,30216,311217,1,20.1760,,,,AWAIT CATEGORY,C,FJAP
PRICELIST,15724XXL,PRODUCT DESCRIPTION 3380,8O,67,EA,30216,311217,1,21.1760,,,,AWAIT CATEGORY,C,FJAP
PRICELIST,15725S,PRODUCT DESCRIPTION 3381,8O,67,EA,30216,311217,1,20.1761,,,,AWAIT CATEGORY,C,FJAP
PRICELIST,15726M,PRODUCT DESCRIPTION 3382,8O,67,EA,30216,311217,1,21.1761,,,,AWAIT CATEGORY,C,FJAP
PRICELIST,15727L,PRODUCT DESCRIPTION 3383,8O,67,EA,30216,311217,1,20.1762,,,,AWAIT CATEGORY,C,FJAP
PRICELIST,15728XL,PRODUCT DESCRIPTION 3384,8O,67,EA,30216,311217,1,21.1762,,,,AWAIT CATEGORY,C,FJAP
PRICELIST,15729XXL,PRODUCT DESCRIPTION 3385,8O,67,EA,30216,311217,1,20.1763,,,,AWAIT CATEGORY,C,FJAP
PRICELIST,15730S,PRODUCT DESCRIPTION 3386,8O,67,EA,30216,311217,1,21.1763,,,,AWAIT CATEGORY,C,FJAP
PRICELIST,15731M,PRODUCT DESCRIPTION 3387,8O,67,EA,30216,311217,1,20.1764,,,,AWAIT CATEGORY,C,FJAP
PRICELIST,15732L,PRODUCT DESCRIPTION 3388,8T,67,EA,30216,311217,1,21.1764,,,,AWAIT CATEGORY,M,FJAP
PRICELIST,15733XL,PRODUCT DESCRIPTION 3389,8T,67,EA,30216,311217,1,20.1765,,,,AWAIT CATEGORY,M,FJAP
PRICELIST,15734XXL,PRODUCT DESCRIPTION 3390,8T,67,EA,30216,311217,1,21.1765,,,,AWAIT CATEGORY,M,FJAP
PRICELIST,15735S,PRODUCT DESCRIPTION 3391,8T,67,EA,30216,311217,1,20.1766,,,,AWAIT CATEGORY,M,FJAP
PRICELIST,15736M,PRODUCT DESCRIPTION 3392,8T,67,EA,30216,311217,1,21.1766,,,,AWAIT CATEGORY,M,FJAP
PRICELIST,15737L,PRODUCT DESCRIPTION 3393,8T,67,EA,30216,311217,1,20.1767,,,,AWAIT CATEGORY,M,FJAP
PRICELIST,15738XL,PRODUCT DESCRIPTION 3394,8T,67,EA,30216,311217,1,21.1767,,,,AWAIT CATEGORY,M,FJAP
PRICELIST,15739XXL,PRODUCT DESCRIPTION 3395,8T,67,EA,30216,311217,1,20.1768,,,,AWAIT CATEGORY,M,FJAP
PRICELIST,15740S,PRODUCT DESCRIPTION 3396,8T,67,EA,30216,311217,1,21.1768,,,,AWAIT CATEGORY,M,FJAP
PRICELIST,15741M,PRODUCT DESCRIPTION 3397,8T,67,EA,30216,311217,1,20.1769,,,,AWAIT CATEGORY,M,FJAP
PRICELIST,15742L,PRODUCT DESCRIPTION 3398,8T,67,EA,30216,311217,1,21.1769,,,,AWAIT CATEGORY,M,FJAP
PRICELIST,15743XL,PRODUCT DESCRIPTION 3399,8T,67,EA,30216,311217,1,20.1770,,,,AWAIT CATEGORY,M,FJAP
PRICELIST,15744XXL,PRODUCT DESCRIPTION 3400,8T,67,EA,30216,311217,1,21.1770,,,,AWAIT CATEGORY,M,FJAP
PRICELIST,15745S,PRODUCT DESCRIPTION 3401,8T,67,EA,30216,311217,1,20.1771,,,,AWAIT CATEGORY,M,FJAP
PRICELIST,15746M,PRODUCT DESCRIPTION 3402,8T,67,EA,30216,311217,1,21.1771,,,,AWAIT CATEGORY,M,FJAP
PRICELIST,15747L,PRODUCT DESCRIPTION 3403,8T,67,EA,30216,311217,1,20.1772,,,,AWAIT CATEGORY,M,FJAP
PRICELIST,15748XL,PRODUCT DESCRIPTION 3404,8T,67,EA,30216,311217,1,21.1772,,,,AWAIT CATEGORY,M,FJAP
PRICELIST,15749XXL,PRODUCT DESCRIPTION 3405,8T,67,EA,30216,311217,1,20.1773,,,,AWAIT CATEGORY,M,FJAP
PRICELIST,15750S,PRODUCT DESCRIPTION 3406,8T,67,EA,30216,311217,1,21.1773,,,,AWAIT CATEGORY,M,FJAP
PRICELIST,15751M,PRODUCT DESCRIPTION 3407,8T,67,EA,30216,311217,1,20.1774,,,,AWAIT CATEGORY,M,FJAP
PRICELIST,15752L,PRODUCT DESCRIPTION 3408,8T,67,EA,30216,311217,1,21.1774,,,,AWAIT CATEGORY,M,FJAP
PRICELIST,15753XL,PRODUCT DESCRIPTION 3409,8T,67,EA,30216,311217,1,20.1775,,,,AWAIT CATEGORY,M,FJAP
PRICELIST,15754XXL,PRODUCT DESCRIPTION 3410,8T,67,EA,30216,311217,1,21.1775,,,,AWAIT CATEGORY,M,FJAP
PRICELIST,15755S,PRODUCT DESCRIPTION 3411,8T,67,EA,30216,311217,1,20.1776,,,,AWAIT CATEGORY,M,FJAP
PRICELIST,15756M,PRODUCT DESCRIPTION 3412,8T,67,EA,30216,311217,1,21.1776,,,,AWAIT CATEGORY,M,FJAP
PRICELIST,15757L,PRODUCT DESCRIPTION 3413,8T,67,EA,30216,311217,1,20.1777,,,,AWAIT CATEGORY,M,FJAP
PRICELIST,15758XL,PRODUCT DESCRIPTION 3414,8T,67,EA,30216,311217,1,21.1777,,,,AWAIT CATEGORY,M,FJAP
PRICELIST,15759XXL,PRODUCT DESCRIPTION 3415,8T,67,EA,30216,311217,1,20.1778,,,,AWAIT CATEGORY,M,FJAP
PRICELIST,15760S,PRODUCT DESCRIPTION 3416,8T,67,EA,30216,311217,1,21.1778,,,,AWAIT CATEGORY,M,FJAP
PRICELIST,15761M,PRODUCT DESCRIPTION 3417,8T,67,EA,30216,311217,1,20.1779,,,,AWAIT CATEGORY,M,FJAP
PRICELIST,15762L,PRODUCT DESCRIPTION 3418,8T,67,EA,30216,311217,1,21.1779,,,,AWAIT CATEGORY,M,FJAP
PRICELIST,15763XL,PRODUCT DESCRIPTION 3419,8T,67,EA,30216,311217,1,20.1780,,,,AWAIT CATEGORY,M,FJAP
PRICELIST,15764XXL,PRODUCT DESCRIPTION 3420,8O,67,EA,30216,311217,1,21.1780,,,,AWAIT CATEGORY,M,FJAP
PRICELIST,15765S,PRODUCT DESCRIPTION 3421,8O,67,EA,30216,311217,1,20.1781,,,,AWAIT CATEGORY,M,FJAP
PRICELIST,15766M,PRODUCT DESCRIPTION 3422,8O,67,EA,30216,311217,1,21.1781,,,,AWAIT CATEGORY,M,FJAP
PRICELIST,15767L,PRODUCT DESCRIPTION 3423,8O,67,EA,30216,311217,1,20.1782,,,,AWAIT CATEGORY,M,FJAP
PRICELIST,15768XL,PRODUCT DESCRIPTION 3424,8O,67,EA,30216,311217,1,21.1782,,,,AWAIT CATEGORY,M,FJAP
PRICELIST,15769XXL,PRODUCT DESCRIPTION 3425,8O,67,EA,30216,311217,1,20.1783,,,,AWAIT CATEGORY,M,FJAP
PRICELIST,15770S,PRODUCT DESCRIPTION 3426,8M,67,EA,30216,311217,1,21.1783,,,,AWAIT CATEGORY,M,FJAP
PRICELIST,15771M,PRODUCT DESCRIPTION 3427,8M,67,EA,30216,311217,1,20.1784,,,,AWAIT CATEGORY,M,FJAP
PRICELIST,15772L,PRODUCT DESCRIPTION 3428,8M,67,EA,30216,311217,1,21.1784,,,,AWAIT CATEGORY,M,FJAP
PRICELIST,15773XL,PRODUCT DESCRIPTION 3429,8M,67,EA,30216,311217,1,20.1785,,,,AWAIT CATEGORY,M,FJAP
PRICELIST,15774XXL,PRODUCT DESCRIPTION 3430,8M,67,EA,30216,311217,1,21.1785,,,,AWAIT CATEGORY,M,FJAP
PRICELIST,15775S,PRODUCT DESCRIPTION 3431,8Q,67,PR,30216,311217,1,20.1786,,,,AWAIT CATEGORY,C,FJAP
PRICELIST,15776M,PRODUCT DESCRIPTION 3432,8Q,67,PR,30216,311217,1,21.1786,,,,AWAIT CATEGORY,C,FJAP
PRICELIST,15777L,PRODUCT DESCRIPTION 3433,8Q,67,PR,30216,311217,1,20.1787,,,,AWAIT CATEGORY,C,FJAP
PRICELIST,15778XL,PRODUCT DESCRIPTION 3434,8Q,67,PR,30216,311217,1,21.1787,,,,AWAIT CATEGORY,C,FJAP
PRICELIST,15779XXL,PRODUCT DESCRIPTION 3435,8Q,67,PR,30216,311217,1,20.1788,,,,AWAIT CATEGORY,C,FJAP
PRICELIST,15780S,PRODUCT DESCRIPTION 3436,8Q,67,PR,30216,311217,1,21.1788,,,,AWAIT CATEGORY,C,FJAP
PRICELIST,15781M,PRODUCT DESCRIPTION 3437,8Q,67,PR,30216,311217,1,20.1789,,,,AWAIT CATEGORY,C,FJAP
PRICELIST,15782L,PRODUCT DESCRIPTION 3438,8Q,67,PR,30216,311217,1,21.1789,,,,AWAIT CATEGORY,C,FJAP
PRICELIST,15783XL,PRODUCT DESCRIPTION 3439,8Q,67,PR,30216,311217,1,20.1790,,,,AWAIT CATEGORY,C,FJAP
PRICELIST,15784XXL,PRODUCT DESCRIPTION 3440,8Q,67,PR,30216,311217,1,21.1790,,,,AWAIT CATEGORY,C,FJAP
PRICELIST,15785S,PRODUCT DESCRIPTION 3441,8Q,67,PR,30216,311217,1,20.1791,,,,AWAIT CATEGORY,C,FJAP
PRICELIST,15786M,PRODUCT DESCRIPTION 3442,8Q,67,PR,30216,311217,1,21.1791,,,,AWAIT CATEGORY,C,FJAP
PRICELIST,15787L,PRODUCT DESCRIPTION 3443,8Q,67,PR,30216,311217,1,20.1792,,,,AWAIT CATEGORY,C,FJAP
PRICELIST,15788XL,PRODUCT DESCRIPTION 3444,8Q,67,PR,30216,311217,1,21.1792,,,,AWAIT CATEGORY,C,FJAP
PRICELIST,15789XXL,PRODUCT DESCRIPTION 3445,8Q,67,PR,30216,311217,1,20.1793,,,,AWAIT CATEGORY,C,FJAP
PRICELIST,15790S,PRODUCT DESCRIPTION 3446,8Q,67,PR,30216,311217,1,21.1793,,,,AWAIT CATEGORY,C,FJAP
PRICELIST,15791M,PRODUCT DESCRIPTION 3447,8Q,67,PR,30216,311217,1,20.1794,,,,AWAIT CATEGORY,C,FJAP
PRICELIST,15792L,PRODUCT DESCRIPTION 3448,8Q,67,PR,30216,311217,1,21.1794,,,,AWAIT CATEGORY,C,FJAP
PRICELIST,15793XL,PRODUCT DESCRIPTION 3449,8T,67,EA,30216,311217,1,20.1795,,,,AWAIT CATEGORY,C,FJAP
PRICELIST,15794XXL,PRODUCT DESCRIPTION 3450,8P,67,EA,30216,311217,1,21.1795,,,,AWAIT CATEGORY,C,FJAP
PRICELIST,15795S,PRODUCT DESCRIPTION 3451,8P,67,EA,30216,311217,1,20.1796,,,,AWAIT CATEGORY,C,FJAP
PRICELIST,15796M,PRODUCT DESCRIPTION 3452,8O,67,EA,30216,311217,1,21.1796,,,,AWAIT CATEGORY,M,FJAP
PRICELIST,15797L,PRODUCT DESCRIPTION 3453,8O,67,EA,30216,311217,1,20.1797,,,,AWAIT CATEGORY,M,FJAP
PRICELIST,15798XL,PRODUCT DESCRIPTION 3454,8O,67,EA,30216,311217,1,21.1797,,,,AWAIT CATEGORY,M,FJAP
PRICELIST,15799XXL,PRODUCT DESCRIPTION 3455,8T,67,EA,30216,311217,1,20.1798,,,,AWAIT CATEGORY,C,FJAP
PRICELIST,15800S,PRODUCT DESCRIPTION 3456,8T,67,EA,30216,311217,1,21.1798,,,,AWAIT CATEGORY,C,FJAP
PRICELIST,15801M,PRODUCT DESCRIPTION 3457,8T,67,EA,30216,311217,1,20.1799,,,,AWAIT CATEGORY,C,FJAP
PRICELIST,15802L,PRODUCT DESCRIPTION 3458,8T,67,EA,30216,311217,1,21.1799,,,,AWAIT CATEGORY,C,FJAP
PRICELIST,15803XL,PRODUCT DESCRIPTION 3459,8T,67,EA,30216,311217,1,20.1800,,,,AWAIT CATEGORY,C,FJAP
PRICELIST,15804XXL,PRODUCT DESCRIPTION 3460,8T,67,EA,30216,311217,1,21.1800,,,,AWAIT CATEGORY,C,FJAP
PRICELIST,15805S,PRODUCT DESCRIPTION 3461,8T,67,EA,30216,311217,1,20.1801,,,,AWAIT CATEGORY,C,FJAP
PRICELIST,15806M,PRODUCT DESCRIPTION 3462,85,50,SIX,30216,311217,1,21.1801,,,,AWAIT CATEGORY,C,TACC
PRICELIST,15807L,PRODUCT DESCRIPTION 3463,85,50,EA,30216,311217,1,20.1802,,,,AWAIT CATEGORY,C,TACC
PRICELIST,15808XL,PRODUCT DESCRIPTION 3464,85,50,SIX,30216,311217,1,21.1802,,,,AWAIT CATEGORY,C,TACC
PRICELIST,15809XXL,PRODUCT DESCRIPTION 3465,85,50,EA,30216,311217,1,20.1803,,,,AWAIT CATEGORY,C,TACC
PRICELIST,15810S,PRODUCT DESCRIPTION 3466,17,10,PK,30216,311217,1,21.1803,,,,AWAIT CATEGORY,C,GB1
PRICELIST,15811M,PRODUCT DESCRIPTION 3467,98,80,EA,30216,311217,1,20.1804,,,,AWAIT CATEGORY,M,FJAC
PRICELIST,15812L,PRODUCT DESCRIPTION 3468,98,80,EA,30216,311217,1,21.1804,,,,AWAIT CATEGORY,M,FJAC
PRICELIST,15813XL,PRODUCT DESCRIPTION 3469,8M,67,EA,30216,311217,1,20.1805,,,,AWAIT CATEGORY,C,FJAP
PRICELIST,15814XXL,PRODUCT DESCRIPTION 3470,8M,67,EA,30216,311217,1,21.1805,,,,AWAIT CATEGORY,C,FJAP
PRICELIST,15815S,PRODUCT DESCRIPTION 3471,8M,67,EA,30216,311217,1,20.1806,,,,AWAIT CATEGORY,C,FJAP
PRICELIST,15816M,PRODUCT DESCRIPTION 3472,8M,67,EA,30216,311217,1,21.1806,,,,AWAIT CATEGORY,C,FJAP
PRICELIST,15817L,PRODUCT DESCRIPTION 3473,8M,67,EA,30216,311217,1,20.1807,,,,AWAIT CATEGORY,C,FJAP
PRICELIST,15818XL,PRODUCT DESCRIPTION 3474,8Q,67,PR,30216,311217,1,21.1807,,,,AWAIT CATEGORY,C,FJAP
PRICELIST,15819XXL,PRODUCT DESCRIPTION 3475,8Q,67,PR,30216,311217,1,20.1808,,,,AWAIT CATEGORY,C,FJAP
PRICELIST,15820S,PRODUCT DESCRIPTION 3476,8Q,67,PR,30216,311217,1,21.1808,,,,AWAIT CATEGORY,M,FJAP
PRICELIST,15821M,PRODUCT DESCRIPTION 3477,8Q,67,PR,30216,311217,1,20.1809,,,,AWAIT CATEGORY,M,FJAP
PRICELIST,15822L,PRODUCT DESCRIPTION 3478,8Q,67,PR,30216,311217,1,21.1809,,,,AWAIT CATEGORY,M,FJAP
PRICELIST,15823XL,PRODUCT DESCRIPTION 3479,8Q,67,PR,30216,311217,1,20.1810,,,,AWAIT CATEGORY,M,FJAP
PRICELIST,15824XXL,PRODUCT DESCRIPTION 3480,8Q,67,PR,30216,311217,1,21.1810,,,,AWAIT CATEGORY,M,FJAP
PRICELIST,15825S,PRODUCT DESCRIPTION 3481,8Q,67,PR,30216,311217,1,20.1811,,,,AWAIT CATEGORY,M,FJAP
PRICELIST,15826M,PRODUCT DESCRIPTION 3482,8Q,67,PR,30216,311217,1,21.1811,,,,AWAIT CATEGORY,M,FJAP
PRICELIST,15827L,PRODUCT DESCRIPTION 3483,8Q,67,PR,30216,311217,1,20.1812,,,,AWAIT CATEGORY,M,FJAP
PRICELIST,15828XL,PRODUCT DESCRIPTION 3484,8Q,67,PR,30216,311217,1,21.1812,,,,AWAIT CATEGORY,M,FJAP
PRICELIST,15829XXL,PRODUCT DESCRIPTION 3485,8Q,67,PR,30216,311217,1,20.1813,,,,AWAIT CATEGORY,M,FJAP
PRICELIST,15830S,PRODUCT DESCRIPTION 3486,8Q,67,PR,30216,311217,1,21.1813,,,,AWAIT CATEGORY,M,FJAP
PRICELIST,15831M,PRODUCT DESCRIPTION 3487,8Q,67,PR,30216,311217,1,20.1814,,,,AWAIT CATEGORY,M,FJAP
PRICELIST,15832L,PRODUCT DESCRIPTION 3488,8Q,67,PR,30216,311217,1,21.1814,,,,AWAIT CATEGORY,M,FJAP
PRICELIST,15833XL,PRODUCT DESCRIPTION 3489,8Q,67,PR,30216,311217,1,20.1815,,,,AWAIT CATEGORY,M,FJAP
PRICELIST,15834XXL,PRODUCT DESCRIPTION 3490,06,40,EA,30216,311217,1,21.1815,,,,AWAIT CATEGORY,M,FGLV
PRICELIST,15835S,PRODUCT DESCRIPTION 3491,85,50,DZ,30216,311217,1,20.1816,,,,AWAIT CATEGORY,M,TACC
PRICELIST,15836M,PRODUCT DESCRIPTION 3492,4K,40,EA,30216,311217,1,21.1816,,,,AWAIT CATEGORY,C,FGLV
PRICELIST,15837L,PRODUCT DESCRIPTION 3493,06,40,EA,30216,311217,1,20.1817,,,,AWAIT CATEGORY,C,FGLV
PRICELIST,15838XL,PRODUCT DESCRIPTION 3494,4K,40,EA,30216,311217,1,21.1817,,,,AWAIT CATEGORY,C,FGLV
PRICELIST,15839XXL,PRODUCT DESCRIPTION 3495,06,40,EA,30216,311217,1,20.1818,,,,AWAIT CATEGORY,C,FGLV
PRICELIST,15840S,PRODUCT DESCRIPTION 3496,4K,40,EA,30216,311217,1,21.1818,,,,AWAIT CATEGORY,C,FGLV
PRICELIST,15841M,PRODUCT DESCRIPTION 3497,06,40,EA,30216,311217,1,20.1819,,,,AWAIT CATEGORY,M,FGLV
PRICELIST,15842L,PRODUCT DESCRIPTION 3498,4K,40,EA,30216,311217,1,21.1819,,,,AWAIT CATEGORY,C,FGLV
PRICELIST,15843XL,PRODUCT DESCRIPTION 3499,06,40,EA,30216,311217,1,20.1820,,,,AWAIT CATEGORY,M,FGLV
PRICELIST,15844XXL,PRODUCT DESCRIPTION 3500,4K,40,EA,30216,311217,1,21.1820,,,,AWAIT CATEGORY,C,FGLV
PRICELIST,15845S,PRODUCT DESCRIPTION 3501,85,50,EA,30216,311217,1,20.1821,,,,AWAIT CATEGORY,C,TACC
PRICELIST,15846M,PRODUCT DESCRIPTION 3502,84,55,EA,30216,311217,1,21.1821,,,,T.CART BAG,C,TBAG
PRICELIST,15847L,PRODUCT DESCRIPTION 3503,84,55,EA,30216,311217,1,20.1822,,,,T.CART BAG,C,TBAG
PRICELIST,15848XL,PRODUCT DESCRIPTION 3504,84,55,EA,30216,311217,1,21.1822,,,,T.CART BAG,M,TBAG
PRICELIST,15849XXL,PRODUCT DESCRIPTION 3505,84,55,EA,30216,311217,1,20.1823,,,,T.CART BAG,M,TBAG
PRICELIST,15850S,PRODUCT DESCRIPTION 3506,84,55,EA,30216,311217,1,21.1823,,,,T.CART BAG,M,TBAG
PRICELIST,15851M,PRODUCT DESCRIPTION 3507,84,55,EA,30216,311217,1,20.1824,,,,T.CART BAG,M,TBAG
PRICELIST,15852L,PRODUCT DESCRIPTION 3508,84,55,EA,30216,311217,1,21.1824,,,,T.CART BAG,M,TBAG
PRICELIST,15853XL,PRODUCT DESCRIPTION 3509,84,55,EA,30216,311217,1,20.1825,,,,T.CART BAG,M,TBAG
PRICELIST,15854XXL,PRODUCT DESCRIPTION 3510,84,55,EA,30216,311217,1,21.1825,,,,T.CART BAG,C,TBAG
PRICELIST,15855S,PRODUCT DESCRIPTION 3511,10,10,DZ,30216,311217,1,20.1826,,,,PRO V1,C,GB1
PRICELIST,15856M,PRODUCT DESCRIPTION 3512,10,10,DZ,30216,311217,1,21.1826,,,,PRO V1,C,GB1
PRICELIST,15857L,PRODUCT DESCRIPTION 3513,9I,60,PR,30216,311217,1,20.1827,,,,AWAIT CATEGORY,M,FJ1
PRICELIST,15858XL,PRODUCT DESCRIPTION 3514,9I,60,PR,30216,311217,1,21.1827,,,,AWAIT CATEGORY,M,FJ1
PRICELIST,15859XXL,PRODUCT DESCRIPTION 3515,9I,60,PR,30216,311217,1,20.1828,,,,AWAIT CATEGORY,M,FJ1
PRICELIST,15860S,PRODUCT DESCRIPTION 3516,9I,60,PR,30216,311217,1,21.1828,,,,AWAIT CATEGORY,M,FJ1
PRICELIST,15861M,PRODUCT DESCRIPTION 3517,9I,60,PR,30216,311217,1,20.1829,,,,AWAIT CATEGORY,M,FJ1
PRICELIST,15862L,PRODUCT DESCRIPTION 3518,9I,60,PR,30216,311217,1,21.1829,,,,AWAIT CATEGORY,M,FJ1
PRICELIST,15863XL,PRODUCT DESCRIPTION 3519,9I,60,PR,30216,311217,1,20.1830,,,,AWAIT CATEGORY,M,FJ1
PRICELIST,15864XXL,PRODUCT DESCRIPTION 3520,9P,60,PR,30216,311217,1,21.1830,,,,AWAIT CATEGORY,M,FJ1
PRICELIST,15865S,PRODUCT DESCRIPTION 3521,85,50,DZ,30216,311217,1,20.1831,,,,AWAIT CATEGORY,C,TACC
PRICELIST,15866M,PRODUCT DESCRIPTION 3522,85,50,EA,30216,311217,1,21.1831,,,,AWAIT CATEGORY,C,TACC
PRICELIST,15867L,PRODUCT DESCRIPTION 3523,85,50,EA,30216,311217,1,20.1832,,,,AWAIT CATEGORY,C,TACC
PRICELIST,15868XL,PRODUCT DESCRIPTION 3524,84,55,EA,30216,311217,1,21.1832,,,,T.CART BAG,M,TBAG
PRICELIST,15869XXL,PRODUCT DESCRIPTION 3525,85,50,DZ,30216,311217,1,20.1833,,,,AWAIT CATEGORY,C,TACC
PRICELIST,15870S,PRODUCT DESCRIPTION 3526,85,50,EA,30216,311217,1,21.1833,,,,AWAIT CATEGORY,C,TACC
PRICELIST,15871M,PRODUCT DESCRIPTION 3527,85,50,EA,30216,311217,1,20.1834,,,,AWAIT CATEGORY,C,TACC
PRICELIST,15872L,PRODUCT DESCRIPTION 3528,85,50,DZ,30216,311217,1,21.1834,,,,AWAIT CATEGORY,C,TACC
PRICELIST,15873XL,PRODUCT DESCRIPTION 3529,85,50,EA,30216,311217,1,20.1835,,,,AWAIT CATEGORY,C,TACC
PRICELIST,15874XXL,PRODUCT DESCRIPTION 3530,85,50,DZ,30216,311217,1,21.1835,,,,AWAIT CATEGORY,C,TACC
PRICELIST,15875S,PRODUCT DESCRIPTION 3531,85,50,EA,30216,311217,1,20.1836,,,,AWAIT CATEGORY,C,TACC
PRICELIST,15876M,PRODUCT DESCRIPTION 3532,85,50,SIX,30216,311217,1,21.1836,,,,AWAIT CATEGORY,C,TACC
PRICELIST,15877L,PRODUCT DESCRIPTION 3533,85,50,EA,30216,311217,1,20.1837,,,,AWAIT CATEGORY,M,TACC
PRICELIST,15878XL,PRODUCT DESCRIPTION 3534,85,50,SIX,30216,311217,1,21.1837,,,,AWAIT CATEGORY,M,TACC
PRICELIST,15879XXL,PRODUCT DESCRIPTION 3535,21,20,EA,30216,311217,1,20.1838,,,,910D2/D3,M,TMET
PRICELIST,15880S,PRODUCT DESCRIPTION 3536,21,20,EA,30216,311217,1,21.1838,,,,910D2/D3,M,TMET
PRICELIST,15881M,PRODUCT DESCRIPTION 3537,21,20,EA,30216,311217,1,20.1839,,,,910D2/D3,M,TMET
PRICELIST,15882L,PRODUCT DESCRIPTION 3538,85,50,DZ,30216,311217,1,21.1839,,,,AWAIT CATEGORY,C,TACC
PRICELIST,15883XL,PRODUCT DESCRIPTION 3539,85,50,EA,30216,311217,1,20.1840,,,,AWAIT CATEGORY,C,TACC
PRICELIST,15884XXL,PRODUCT DESCRIPTION 3540,8P,67,EA,30216,311217,1,21.1840,,,,OUTERWEAR,M,FJAP
PRICELIST,15885S,PRODUCT DESCRIPTION 3541,76,45,EA,30216,311217,1,20.1841,,,,AWAIT CATEGORY,C,TGLV
PRICELIST,15886M,PRODUCT DESCRIPTION 3542,76,45,EA,30216,311217,1,21.1841,,,,AWAIT CATEGORY,C,TGLV
PRICELIST,15887L,PRODUCT DESCRIPTION 3543,4C,40,EA,30216,311217,1,20.1842,,,,SCIFLEX,C,FGLV
PRICELIST,15888XL,PRODUCT DESCRIPTION 3544,4C,40,EA,30216,311217,1,21.1842,,,,SCIFLEX,C,FGLV
PRICELIST,15889XXL,PRODUCT DESCRIPTION 3545,4C,40,SIX,30216,311217,1,20.1843,,,,SCIFLEX,C,FGLV
PRICELIST,15890S,PRODUCT DESCRIPTION 3546,4C,40,EA,30216,311217,1,21.1843,,,,SCIFLEX,C,FGLV
PRICELIST,15891M,PRODUCT DESCRIPTION 3547,4C,40,EA,30216,311217,1,20.1844,,,,SCIFLEX,C,FGLV
PRICELIST,15892L,PRODUCT DESCRIPTION 3548,HD,40,EA,30216,311217,1,21.1844,,,,SCIFLEX,C,FGLV
PRICELIST,15893XL,PRODUCT DESCRIPTION 3549,06,40,EA,30216,311217,1,20.1845,,,,SCIFLEX,C,FGLV
PRICELIST,15894S,PRODUCT DESCRIPTION 3550,8O,67,EA,30216,311217,1,21.1845,,,,AWAIT CATEGORY,M,FJAP
PRICELIST,15895M,PRODUCT DESCRIPTION 3551,8O,67,EA,30216,311217,1,20.1846,,,,AWAIT CATEGORY,M,FJAP
PRICELIST,15896L,PRODUCT DESCRIPTION 3552,8O,67,EA,30216,311217,1,21.1846,,,,AWAIT CATEGORY,M,FJAP
PRICELIST,15897XL,PRODUCT DESCRIPTION 3553,8O,67,EA,30216,311217,1,20.1847,,,,AWAIT CATEGORY,M,FJAP
PRICELIST,15898XXL,PRODUCT DESCRIPTION 3554,8O,67,EA,30216,311217,1,21.1847,,,,AWAIT CATEGORY,M,FJAP
PRICELIST,15899S,PRODUCT DESCRIPTION 3555,85,50,EA,30216,311217,1,20.1848,,,,TOWEL,C,TACC
PRICELIST,15900M,PRODUCT DESCRIPTION 3556,89,60,PR,30216,311217,1,21.1848,,,,MYJOYS,C,NSDS
PRICELIST,15901L,PRODUCT DESCRIPTION 3557,4M,40,EA,30216,311217,1,20.1849,,,,AWAIT CATEGORY,M,FGLV
PRICELIST,15902XL,PRODUCT DESCRIPTION 3558,4M,40,EA,30216,311217,1,21.1849,,,,AWAIT CATEGORY,M,FGLV
PRICELIST,15903XXL,PRODUCT DESCRIPTION 3559,4M,40,EA,30216,311217,1,20.1850,,,,AWAIT CATEGORY,C,FGLV
PRICELIST,15904S,PRODUCT DESCRIPTION 3560,8T,67,EA,30216,311217,1,21.1850,,,,AWAIT CATEGORY,M,FJAP
PRICELIST,15905M,PRODUCT DESCRIPTION 3561,8M,67,EA,30216,311217,1,20.1851,,,,AWAIT CATEGORY,M,FJAP
PRICELIST,15906L,PRODUCT DESCRIPTION 3562,2U,20,EA,30216,311217,1,21.1851,,,,AWAIT CATEGORY,C,TPUT
PRICELIST,15907XL,PRODUCT DESCRIPTION 3563,9T,60,PR,30216,311217,1,20.1852,,,,AWAIT CATEGORY,M,FJ1
PRICELIST,15908XXL,PRODUCT DESCRIPTION 3564,8P,67,EA,30216,311217,1,21.1852,,RAIN,,OUTERWEAR,M,FJAP
PRICELIST,15909S,PRODUCT DESCRIPTION 3565,8P,67,EA,30216,311217,1,20.1853,,,,OUTERWEAR,M,FJAP
PRICELIST,15910M,PRODUCT DESCRIPTION 3566,98,80,EA,30216,311217,1,21.1853,,,,AWAIT CATEGORY,M,FJAC
PRICELIST,15911L,PRODUCT DESCRIPTION 3567,8M,67,EA,30216,311217,1,20.1854,,,,AWAIT CATEGORY,M,FJAP
PRICELIST,15912XL,PRODUCT DESCRIPTION 3568,98,80,EA,30216,311217,1,21.1854,,,,AWAIT CATEGORY,M,FJAC
PRICELIST,15913XXL,PRODUCT DESCRIPTION 3569,85,50,DZ,30216,311217,1,20.1855,,,,AWAIT CATEGORY,M,TACC
PRICELIST,15914S,PRODUCT DESCRIPTION 3570,85,50,EA,30216,311217,1,21.1855,,,,AWAIT CATEGORY,M,TACC
PRICELIST,15915M,PRODUCT DESCRIPTION 3571,95,70,SIX,30216,311217,1,20.1856,,,,AWAIT CATEGORY,M,SCK1
PRICELIST,15916L,PRODUCT DESCRIPTION 3572,95,70,DZ,30216,311217,1,21.1856,,,,AWAIT CATEGORY,M,SCK1
PRICELIST,15917XL,PRODUCT DESCRIPTION 3573,95,70,DZ,30216,311217,1,20.1857,,,,AWAIT CATEGORY,M,SCK1
PRICELIST,15918XXL,PRODUCT DESCRIPTION 3574,95,70,DZ,30216,311217,1,21.1857,,,,AWAIT CATEGORY,M,SCK1
PRICELIST,15919S,PRODUCT DESCRIPTION 3575,95,70,DZ,30216,311217,1,20.1858,,,,AWAIT CATEGORY,M,SCK1
PRICELIST,15920M,PRODUCT DESCRIPTION 3576,95,70,DZ,30216,311217,1,21.1858,,,,AWAIT CATEGORY,M,SCK1
PRICELIST,15921L,PRODUCT DESCRIPTION 3577,95,70,DZ,30216,311217,1,20.1859,,,,AWAIT CATEGORY,M,SCK1
PRICELIST,15922XL,PRODUCT DESCRIPTION 3578,95,70,DZ,30216,311217,1,21.1859,,,,AWAIT CATEGORY,M,SCK1
PRICELIST,15923XXL,PRODUCT DESCRIPTION 3579,95,70,DZ,30216,311217,1,20.1860,,,,AWAIT CATEGORY,M,SCK1
PRICELIST,15924S,PRODUCT DESCRIPTION 3580,9T,60,PR,30216,311217,1,21.1860,,,,AWAIT CATEGORY,M,FJ1
PRICELIST,15925M,PRODUCT DESCRIPTION 3581,9G,60,PR,30216,311217,1,20.1861,,,,AWAIT CATEGORY,M,FJ1
PRICELIST,15926L,PRODUCT DESCRIPTION 3582,9S,60,PR,30216,311217,1,21.1861,,,,AWAIT CATEGORY,M,FJ1
PRICELIST,15927XL,PRODUCT DESCRIPTION 3583,89,60,PR,30216,311217,1,20.1862,,,,MYJOYS,M,NSDS
PRICELIST,15928XXL,PRODUCT DESCRIPTION 3584,89,60,PR,30216,311217,1,21.1862,,,,MYJOYS,C,NSDS
PRICELIST,15929S,PRODUCT DESCRIPTION 3585,89,60,PR,30216,311217,1,20.1863,,,,MYJOYS,M,NSDS
PRICELIST,15930M,PRODUCT DESCRIPTION 3586,89,60,PR,30216,311217,1,21.1863,,,,MYJOYS,C,NSDS
PRICELIST,15931L,PRODUCT DESCRIPTION 3587,89,60,PR,30216,311217,1,20.1864,,,,MYJOYS,M,NSDS
PRICELIST,15932XL,PRODUCT DESCRIPTION 3588,89,60,PR,30216,311217,1,21.1864,,,,MYJOYS,C,NSDS
PRICELIST,15933XXL,PRODUCT DESCRIPTION 3589,89,60,PR,30216,311217,1,20.1865,,,,MYJOYS,C,NSDS
PRICELIST,15934S,PRODUCT DESCRIPTION 3590,89,60,PR,30216,311217,1,21.1865,,,,MYJOYS,C,NSDS
PRICELIST,15935M,PRODUCT DESCRIPTION 3591,4F,40,EA,30216,311217,1,20.1866,,,,AWAIT CATEGORY,C,FGLV
PRICELIST,15936L,PRODUCT DESCRIPTION 3592,4F,40,EA,30216,311217,1,21.1866,,,,AWAIT CATEGORY,C,FGLV
PRICELIST,15937XL,PRODUCT DESCRIPTION 3593,4F,40,EA,30216,311217,1,20.1867,,,,AWAIT CATEGORY,M,FGLV
PRICELIST,15938XXL,PRODUCT DESCRIPTION 3594,4F,40,SIX,30216,311217,1,21.1867,,,,AWAIT CATEGORY,C,FGLV
PRICELIST,15939S,PRODUCT DESCRIPTION 3595,4F,40,EA,30216,311217,1,20.1868,,,,AWAIT CATEGORY,C,FGLV
PRICELIST,15940M,PRODUCT DESCRIPTION 3596,4F,40,EA,30216,311217,1,21.1868,,,,AWAIT CATEGORY,C,FGLV
PRICELIST,15941L,PRODUCT DESCRIPTION 3597,4F,40,PK,30216,311217,1,20.1869,,,,AWAIT CATEGORY,C,FGLV
PRICELIST,15942XL,PRODUCT DESCRIPTION 3598,4F,40,PK,30216,311217,1,21.1869,,,,AWAIT CATEGORY,C,FGLV
PRICELIST,15943XXL,PRODUCT DESCRIPTION 3599,4F,40,EA,30216,311217,1,20.1870,,,,AWAIT CATEGORY,C,FGLV
PRICELIST,15944S,PRODUCT DESCRIPTION 3600,4F,40,EA,30216,311217,1,21.1870,,,,AWAIT CATEGORY,C,FGLV
PRICELIST,15945M,PRODUCT DESCRIPTION 3601,4F,40,SIX,30216,311217,1,20.1871,,,,AWAIT CATEGORY,C,FGLV
PRICELIST,15946L,PRODUCT DESCRIPTION 3602,4F,40,EA,30216,311217,1,21.1871,,,,AWAIT CATEGORY,M,FGLV
PRICELIST,15947XL,PRODUCT DESCRIPTION 3603,4F,40,EA,30216,311217,1,20.1872,,,,AWAIT CATEGORY,C,FGLV
PRICELIST,15948XXL,PRODUCT DESCRIPTION 3604,4F,40,EA,30216,311217,1,21.1872,,,,AWAIT CATEGORY,C,FGLV
PRICELIST,15949S,PRODUCT DESCRIPTION 3605,4F,40,PK,30216,311217,1,20.1873,,,,AWAIT CATEGORY,C,FGLV
PRICELIST,15950M,PRODUCT DESCRIPTION 3606,4F,40,SIX,30216,311217,1,21.1873,,,,AWAIT CATEGORY,M,FGLV
PRICELIST,15951L,PRODUCT DESCRIPTION 3607,4R,40,EA,30216,311217,1,20.1874,,,,AWAIT CATEGORY,M,FGLV
PRICELIST,15952XL,PRODUCT DESCRIPTION 3608,4R,40,EA,30216,311217,1,21.1874,,,,AWAIT CATEGORY,M,FGLV
PRICELIST,15953XXL,PRODUCT DESCRIPTION 3609,4R,40,SIX,30216,311217,1,20.1875,,,,AWAIT CATEGORY,M,FGLV
PRICELIST,15954S,PRODUCT DESCRIPTION 3610,4K,40,EA,30216,311217,1,21.1875,,,,AWAIT CATEGORY,C,FGLV
PRICELIST,15955M,PRODUCT DESCRIPTION 3611,4K,40,SIX,30216,311217,1,20.1876,,,,AWAIT CATEGORY,C,FGLV
PRICELIST,15956L,PRODUCT DESCRIPTION 3612,06,40,EA,30216,311217,1,21.1876,,,,AWAIT CATEGORY,C,FGLV
PRICELIST,15957XL,PRODUCT DESCRIPTION 3613,4K,40,EA,30216,311217,1,20.1877,,,,AWAIT CATEGORY,C,FGLV
PRICELIST,15958XXL,PRODUCT DESCRIPTION 3614,85,50,SIX,30216,311217,1,21.1877,,,,AWAIT CATEGORY,M,TACC
PRICELIST,15959S,PRODUCT DESCRIPTION 3615,85,50,EA,30216,311217,1,20.1878,,,,AWAIT CATEGORY,M,TACC
PRICELIST,15960M,PRODUCT DESCRIPTION 3616,85,50,EA,30216,311217,1,21.1878,,,,AWAIT CATEGORY,M,TACC
PRICELIST,15961L,PRODUCT DESCRIPTION 3617,85,50,EA,30216,311217,1,20.1879,,,,AWAIT CATEGORY,C,TACC
PRICELIST,15962XL,PRODUCT DESCRIPTION 3618,85,50,EA,30216,311217,1,21.1879,,,,AWAIT CATEGORY,C,TACC
PRICELIST,15963XXL,PRODUCT DESCRIPTION 3619,85,50,DZ,30216,311217,1,20.1880,,,,T.JUNIOR CAP DZ,C,TACC
PRICELIST,15964S,PRODUCT DESCRIPTION 3620,85,50,EA,30216,311217,1,21.1880,,,,T.JUNIOR CAP DZ,C,TACC
PRICELIST,15965M,PRODUCT DESCRIPTION 3621,85,50,DZ,30216,311217,1,20.1881,,,,AWAIT CATEGORY,C,TACC
PRICELIST,15966L,PRODUCT DESCRIPTION 3622,85,50,DZ,30216,311217,1,21.1881,,,,AWAIT CATEGORY,C,TACC
PRICELIST,15967XL,PRODUCT DESCRIPTION 3623,85,50,DZ,30216,311217,1,20.1882,,,,AWAIT CATEGORY,C,TACC
PRICELIST,15968XXL,PRODUCT DESCRIPTION 3624,85,50,EA,30216,311217,1,21.1882,,,,AWAIT CATEGORY,C,TACC
PRICELIST,15969S,PRODUCT DESCRIPTION 3625,85,50,EA,30216,311217,1,20.1883,,,,D/CANOPY UMBREL,C,TACC
PRICELIST,15970M,PRODUCT DESCRIPTION 3626,85,50,EA,30216,311217,1,21.1883,,,,AWAIT CATEGORY,C,TACC
PRICELIST,15971L,PRODUCT DESCRIPTION 3627,85,50,EA,30216,311217,1,20.1884,,,,AWAIT CATEGORY,C,TACC
PRICELIST,15972XL,PRODUCT DESCRIPTION 3628,85,50,EA,30216,311217,1,21.1884,,,,AWAIT CATEGORY,C,TACC
PRICELIST,15973XXL,PRODUCT DESCRIPTION 3629,85,50,EA,30216,311217,1,20.1885,,,,AWAIT CATEGORY,C,TACC
PRICELIST,15974S,PRODUCT DESCRIPTION 3630,4F,40,PK,30216,311217,1,21.1885,,,,AWAIT CATEGORY,C,FGLV
PRICELIST,15975M,PRODUCT DESCRIPTION 3631,4F,40,PK,30216,311217,1,20.1886,,,,AWAIT CATEGORY,M,FGLV
PRICELIST,15976L,PRODUCT DESCRIPTION 3632,4F,40,PK,30216,311217,1,21.1886,,,,AWAIT CATEGORY,C,FGLV
PRICELIST,15977XL,PRODUCT DESCRIPTION 3633,8O,67,EA,30216,311217,1,20.1887,,,,AWAIT CATEGORY,M,FJAP
PRICELIST,15978XXL,PRODUCT DESCRIPTION 3634,8O,67,EA,30216,311217,1,21.1887,,,,AWAIT CATEGORY,M,FJAP
PRICELIST,15979S,PRODUCT DESCRIPTION 3635,8M,67,EA,30216,311217,1,20.1888,,,,AWAIT CATEGORY,C,FJAP
PRICELIST,15980M,PRODUCT DESCRIPTION 3636,8M,67,EA,30216,311217,1,21.1888,,,,AWAIT CATEGORY,M,FJAP
PRICELIST,15981L,PRODUCT DESCRIPTION 3637,8M,67,EA,30216,311217,1,20.1889,,,,AWAIT CATEGORY,M,FJAP
PRICELIST,15982XL,PRODUCT DESCRIPTION 3638,8M,67,EA,30216,311217,1,21.1889,,,,AWAIT CATEGORY,C,FJAP
PRICELIST,15983XXL,PRODUCT DESCRIPTION 3639,8M,67,EA,30216,311217,1,20.1890,,,,AWAIT CATEGORY,M,FJAP
PRICELIST,15984S,PRODUCT DESCRIPTION 3640,8M,67,EA,30216,311217,1,21.1890,,,,AWAIT CATEGORY,M,FJAP
PRICELIST,15985M,PRODUCT DESCRIPTION 3641,8M,67,EA,30216,311217,1,20.1891,,,,AWAIT CATEGORY,M,FJAP
PRICELIST,15986L,PRODUCT DESCRIPTION 3642,8M,67,EA,30216,311217,1,21.1891,,,,AWAIT CATEGORY,M,FJAP
PRICELIST,15987XL,PRODUCT DESCRIPTION 3643,8M,67,EA,30216,311217,1,20.1892,,,,AWAIT CATEGORY,M,FJAP
PRICELIST,15988XXL,PRODUCT DESCRIPTION 3644,8M,67,EA,30216,311217,1,21.1892,,,,AWAIT CATEGORY,M,FJAP
PRICELIST,15989S,PRODUCT DESCRIPTION 3645,8M,67,EA,30216,311217,1,20.1893,,,,AWAIT CATEGORY,M,FJAP
PRICELIST,15990M,PRODUCT DESCRIPTION 3646,8M,67,EA,30216,311217,1,21.1893,,,,AWAIT CATEGORY,M,FJAP
PRICELIST,15991L,PRODUCT DESCRIPTION 3647,8M,67,EA,30216,311217,1,20.1894,,,,AWAIT CATEGORY,M,FJAP
PRICELIST,15992XL,PRODUCT DESCRIPTION 3648,8M,67,EA,30216,311217,1,21.1894,,,,AWAIT CATEGORY,M,FJAP
PRICELIST,15993XXL,PRODUCT DESCRIPTION 3649,8B,67,EA,30216,311217,1,20.1895,,,,AWAIT CATEGORY,C,FJOW
PRICELIST,15994S,PRODUCT DESCRIPTION 3650,8B,67,EA,30216,311217,1,21.1895,,,,AWAIT CATEGORY,C,FJOW
PRICELIST,15995M,PRODUCT DESCRIPTION 3651,8B,67,EA,30216,311217,1,20.1896,,,,AWAIT CATEGORY,M,FJOW
PRICELIST,15996L,PRODUCT DESCRIPTION 3652,8B,67,EA,30216,311217,1,21.1896,,,,AWAIT CATEGORY,C,FJOW
PRICELIST,15997XL,PRODUCT DESCRIPTION 3653,8B,67,EA,30216,311217,1,20.1897,,,,AWAIT CATEGORY,M,FJOW
PRICELIST,15998XXL,PRODUCT DESCRIPTION 3654,8C,67,EA,30216,311217,1,21.1897,,,,AWAIT CATEGORY,C,FJAP
PRICELIST,15999S,PRODUCT DESCRIPTION 3655,8C,67,EA,30216,311217,1,20.1898,,,,AWAIT CATEGORY,C,FJOW
PRICELIST,16000M,PRODUCT DESCRIPTION 3656,8C,67,EA,30216,311217,1,21.1898,,,,AWAIT CATEGORY,M,FJAP
PRICELIST,16001L,PRODUCT DESCRIPTION 3657,8C,67,EA,30216,311217,1,20.1899,,,,AWAIT CATEGORY,M,FJOW
PRICELIST,16002XL,PRODUCT DESCRIPTION 3658,8B,67,EA,30216,311217,1,21.1899,,,,AWAIT CATEGORY,C,FJOW
PRICELIST,16003XXL,PRODUCT DESCRIPTION 3659,8B,67,EA,30216,311217,1,20.1900,,,,AWAIT CATEGORY,M,FJOW
PRICELIST,16004S,PRODUCT DESCRIPTION 3660,8B,67,EA,30216,311217,1,21.1900,,,,AWAIT CATEGORY,C,FJOW
PRICELIST,16005M,PRODUCT DESCRIPTION 3661,8B,67,EA,30216,311217,1,20.1901,,,,AWAIT CATEGORY,C,FJOW
PRICELIST,16006L,PRODUCT DESCRIPTION 3662,8B,67,EA,30216,311217,1,21.1901,,,,AWAIT CATEGORY,M,FJOW
PRICELIST,16007XL,PRODUCT DESCRIPTION 3663,8C,67,EA,30216,311217,1,20.1902,,,,AWAIT CATEGORY,C,FJOW
PRICELIST,16008XXL,PRODUCT DESCRIPTION 3664,8C,67,EA,30216,311217,1,21.1902,,,,AWAIT CATEGORY,M,FJOW
PRICELIST,16009S,PRODUCT DESCRIPTION 3665,8C,67,EA,30216,311217,1,20.1903,,,,AWAIT CATEGORY,M,FJOW
PRICELIST,16010M,PRODUCT DESCRIPTION 3666,8C,67,EA,30216,311217,1,21.1903,,,,AWAIT CATEGORY,M,FJOW
PRICELIST,16011L,PRODUCT DESCRIPTION 3667,8C,67,EA,30216,311217,1,20.1904,,,,AWAIT CATEGORY,M,FJAP
PRICELIST,16012XL,PRODUCT DESCRIPTION 3668,8C,67,EA,30216,311217,1,21.1904,,,,AWAIT CATEGORY,M,FJAP
PRICELIST,16013XXL,PRODUCT DESCRIPTION 3669,8D,67,EA,30216,311217,1,20.1905,,,,AWAIT CATEGORY,C,FJOW
PRICELIST,16014S,PRODUCT DESCRIPTION 3670,8D,67,EA,30216,311217,1,21.1905,,,,AWAIT CATEGORY,M,FJOW
PRICELIST,16015M,PRODUCT DESCRIPTION 3671,8D,67,EA,30216,311217,1,20.1906,,,,AWAIT CATEGORY,M,FJOW
PRICELIST,16016L,PRODUCT DESCRIPTION 3672,8D,67,EA,30216,311217,1,21.1906,,,,AWAIT CATEGORY,M,FJOW
PRICELIST,16017XL,PRODUCT DESCRIPTION 3673,8D,67,EA,30216,311217,1,20.1907,,,,AWAIT CATEGORY,M,FJOW
PRICELIST,16018XXL,PRODUCT DESCRIPTION 3674,8D,67,EA,30216,311217,1,21.1907,,,,AWAIT CATEGORY,M,FJOW
PRICELIST,16019S,PRODUCT DESCRIPTION 3675,8D,67,EA,30216,311217,1,20.1908,,,,AWAIT CATEGORY,M,FJOW
PRICELIST,16020M,PRODUCT DESCRIPTION 3676,8D,67,EA,30216,311217,1,21.1908,,,,AWAIT CATEGORY,C,FJAP
PRICELIST,16021L,PRODUCT DESCRIPTION 3677,8D,67,EA,30216,311217,1,20.1909,,,,AWAIT CATEGORY,M,FJOW
PRICELIST,16022XL,PRODUCT DESCRIPTION 3678,8D,67,EA,30216,311217,1,21.1909,,,,AWAIT CATEGORY,M,FJOW
PRICELIST,16023XXL,PRODUCT DESCRIPTION 3679,8P,67,EA,30216,311217,1,20.1910,,,,AWAIT CATEGORY,C,FJAP
PRICELIST,16024S,PRODUCT DESCRIPTION 3680,8O,67,EA,30216,311217,1,21.1910,,,,AWAIT CATEGORY,M,FJAP
PRICELIST,16025M,PRODUCT DESCRIPTION 3681,8O,67,EA,30216,311217,1,20.1911,,,,AWAIT CATEGORY,M,FJAP
PRICELIST,16026L,PRODUCT DESCRIPTION 3682,8O,67,EA,30216,311217,1,21.1911,,,,AWAIT CATEGORY,M,FJAP
PRICELIST,16027XL,PRODUCT DESCRIPTION 3683,8O,67,EA,30216,311217,1,20.1912,,,,AWAIT CATEGORY,M,FJAP
PRICELIST,16028XXL,PRODUCT DESCRIPTION 3684,8O,67,EA,30216,311217,1,21.1912,,,,AWAIT CATEGORY,M,FJAP
PRICELIST,16029S,PRODUCT DESCRIPTION 3685,8O,67,EA,30216,311217,1,20.1913,,,,AWAIT CATEGORY,M,FJAP
PRICELIST,16030M,PRODUCT DESCRIPTION 3686,8O,67,EA,30216,311217,1,21.1913,,,,AWAIT CATEGORY,M,FJAP
PRICELIST,16031L,PRODUCT DESCRIPTION 3687,8B,67,EA,30216,311217,1,20.1914,,,,AWAIT CATEGORY,M,FJOW
PRICELIST,16032XL,PRODUCT DESCRIPTION 3688,8B,67,EA,30216,311217,1,21.1914,,,,AWAIT CATEGORY,M,FJOW
PRICELIST,16033XXL,PRODUCT DESCRIPTION 3689,8C,67,EA,30216,311217,1,20.1915,,,,AWAIT CATEGORY,M,FJOW
PRICELIST,16034S,PRODUCT DESCRIPTION 3690,8C,67,EA,30216,311217,1,21.1915,,,,AWAIT CATEGORY,M,FJOW
PRICELIST,16035M,PRODUCT DESCRIPTION 3691,8C,67,EA,30216,311217,1,20.1916,,,,AWAIT CATEGORY,M,FJOW
PRICELIST,16036L,PRODUCT DESCRIPTION 3692,8C,67,EA,30216,311217,1,21.1916,,,,AWAIT CATEGORY,M,FJOW
PRICELIST,16037XL,PRODUCT DESCRIPTION 3693,8P,67,EA,30216,311217,1,20.1917,,,,AWAIT CATEGORY,C,FJAP
PRICELIST,16038XXL,PRODUCT DESCRIPTION 3694,8P,67,EA,30216,311217,1,21.1917,,,,AWAIT CATEGORY,M,FJAP
PRICELIST,16039S,PRODUCT DESCRIPTION 3695,8P,67,EA,30216,311217,1,20.1918,,,,AWAIT CATEGORY,M,FJAP
PRICELIST,16040M,PRODUCT DESCRIPTION 3696,8P,67,EA,30216,311217,1,21.1918,,,,AWAIT CATEGORY,M,FJAP
PRICELIST,16041L,PRODUCT DESCRIPTION 3697,8O,67,EA,30216,311217,1,20.1919,,,,AWAIT CATEGORY,M,FJAP
PRICELIST,16042XL,PRODUCT DESCRIPTION 3698,8O,67,EA,30216,311217,1,21.1919,,,,AWAIT CATEGORY,M,FJAP
PRICELIST,16043XXL,PRODUCT DESCRIPTION 3699,8T,67,EA,30216,311217,1,20.1920,,,,AWAIT CATEGORY,M,FJAP
PRICELIST,16044S,PRODUCT DESCRIPTION 3700,8T,67,EA,30216,311217,1,21.1920,,,,AWAIT CATEGORY,M,FJAP
PRICELIST,16045M,PRODUCT DESCRIPTION 3701,8T,67,EA,30216,311217,1,20.1921,,,,AWAIT CATEGORY,M,FJAP
PRICELIST,16046L,PRODUCT DESCRIPTION 3702,8T,67,EA,30216,311217,1,21.1921,,,,AWAIT CATEGORY,M,FJAP
PRICELIST,16047XL,PRODUCT DESCRIPTION 3703,8T,67,EA,30216,311217,1,20.1922,,,,AWAIT CATEGORY,M,FJAP
PRICELIST,16048XXL,PRODUCT DESCRIPTION 3704,8T,67,EA,30216,311217,1,21.1922,,,,AWAIT CATEGORY,M,FJAP
PRICELIST,16049S,PRODUCT DESCRIPTION 3705,10,10,DZ,30216,311217,1,20.1923,,,,PRO V1,M,GB1
PRICELIST,16050M,PRODUCT DESCRIPTION 3706,10,10,DZ,30216,311217,1,21.1923,,,,PRO V1,C,GB1
PRICELIST,16051L,PRODUCT DESCRIPTION 3707,2X,20,EA,30216,311217,1,20.1924,,,,AWAIT CATEGORY,M,TPUT
PRICELIST,16052XL,PRODUCT DESCRIPTION 3708,10,10,DZ,30216,311217,1,21.1924,,,,AWAIT CATEGORY,M,GB1
PRICELIST,16053XXL,PRODUCT DESCRIPTION 3709,10,10,DZ,30216,311217,1,20.1925,,,,AWAIT CATEGORY,C,GB1
PRICELIST,16054S,PRODUCT DESCRIPTION 3710,10,10,DZ,30216,311217,1,21.1925,,,,AWAIT CATEGORY,C,GB1
PRICELIST,16055M,PRODUCT DESCRIPTION 3711,10,10,DZ,30216,311217,1,20.1926,,,,AWAIT CATEGORY,C,GB1
PRICELIST,16056L,PRODUCT DESCRIPTION 3712,10,10,DZ,30216,311217,1,21.1926,,,,AWAIT CATEGORY,C,GB1
PRICELIST,16057XL,PRODUCT DESCRIPTION 3713,10,10,DZ,30216,311217,1,20.1927,,,,AWAIT CATEGORY,M,GB1
PRICELIST,16058XXL,PRODUCT DESCRIPTION 3714,10,10,DZ,30216,311217,1,21.1927,,,,AWAIT CATEGORY,C,GB1
PRICELIST,16059S,PRODUCT DESCRIPTION 3715,12,10,DZ,30216,311217,1,20.1928,,,,P.LOGO OVER-RUN,C,NODS
PRICELIST,16060M,PRODUCT DESCRIPTION 3716,07,50,SET,30216,311217,44,21.1928,,,,AWAIT CATEGORY,C,NODS
PRICELIST,16061L,PRODUCT DESCRIPTION 3717,07,50,SET,30216,311217,240,20.1929,,,,AWAIT CATEGORY,C,NODS
PRICELIST,16062XL,PRODUCT DESCRIPTION 3718,07,50,SET,30216,311217,480,21.1929,,,,AWAIT CATEGORY,C,NODS
PRICELIST,16063XXL,PRODUCT DESCRIPTION 3719,07,50,SET,30216,311217,44,20.1930,,,,AWAIT CATEGORY,C,NODS
PRICELIST,16064S,PRODUCT DESCRIPTION 3720,07,50,SET,30216,311217,240,21.1930,,,,AWAIT CATEGORY,C,NODS
PRICELIST,16065M,PRODUCT DESCRIPTION 3721,07,50,SET,30216,311217,480,20.1931,,,,AWAIT CATEGORY,C,NODS
PRICELIST,16066L,PRODUCT DESCRIPTION 3722,07,50,SET,30216,311217,1,21.1931,,,,AWAIT CATEGORY,C,NODS
PRICELIST,16067XL,PRODUCT DESCRIPTION 3723,9O,60,PR,30216,311217,1,20.1932,,,,FJ BOOT,C,FJ1
PRICELIST,16068S,PRODUCT DESCRIPTION 3724,4V,40,EA,30216,311217,1,21.1932,,,,CABRETTASOF,C,FGLV
PRICELIST,16069M,PRODUCT DESCRIPTION 3725,06,40,EA,30216,311217,1,20.1933,,,,CABRETTASOF,C,FGLV
PRICELIST,16070L,PRODUCT DESCRIPTION 3726,HE,40,EA,30216,311217,1,21.1933,,,,CABRETTASOF,C,FGLV
PRICELIST,16071XL,PRODUCT DESCRIPTION 3727,4F,40,SIX,30216,311217,1,20.1934,,,,CABRETTASOF,M,FGLV
PRICELIST,16072XXL,PRODUCT DESCRIPTION 3728,2U,20,EA,30216,311217,1,21.1934,,,,AWAIT CATEGORY,C,TPUT
PRICELIST,16073S,PRODUCT DESCRIPTION 3729,2Q,20,EA,30216,311217,1,20.1935,,,,SC STU SEL C H,M,TPUT
PRICELIST,16074M,PRODUCT DESCRIPTION 3730,2X,20,EA,30216,311217,1,21.1935,,,,AWAIT CATEGORY,C,TPUT
PRICELIST,16075L,PRODUCT DESCRIPTION 3731,2U,20,EA,30216,311217,1,20.1936,,,,AWAIT CATEGORY,C,TPUT
PRICELIST,16076XL,PRODUCT DESCRIPTION 3732,2V,20,EA,30216,311217,1,21.1936,,,,AWAIT CATEGORY,C,TPUT
PRICELIST,16077XXL,PRODUCT DESCRIPTION 3733,85,50,EA,30216,311217,1,20.1937,,,,AWAIT CATEGORY,C,TACC
PRICELIST,16078S,PRODUCT DESCRIPTION 3734,85,50,EA,30216,311217,1,21.1937,,,,AWAIT CATEGORY,C,TACC
PRICELIST,16079M,PRODUCT DESCRIPTION 3735,84,55,EA,30216,311217,1,20.1938,,,,AWAIT CATEGORY,C,TACC
PRICELIST,16080L,PRODUCT DESCRIPTION 3736,8Y,80,SIX,30216,311217,1,21.1938,,,,AWAIT CATEGORY,C,NODS
PRICELIST,16081XL,PRODUCT DESCRIPTION 3737,4F,40,PK,30216,311217,1,20.1939,,,,AWAIT CATEGORY,M,FGLV
PRICELIST,16082XXL,PRODUCT DESCRIPTION 3738,87,99,EA,30216,311217,1,21.1939,,,N,AWAIT CATEGORY,C,NADS
PRICELIST,16083S,PRODUCT DESCRIPTION 3739,85,50,DZ,30216,311217,1,20.1940,,,,AWAIT CATEGORY,M,TACC
PRICELIST,16084M,PRODUCT DESCRIPTION 3740,2X,20,EA,30216,311217,1,21.1940,,,,AWAIT CATEGORY,M,TPUT
PRICELIST,16085L,PRODUCT DESCRIPTION 3741,85,50,EA,30216,311217,1,20.1941,,,,TOWEL,C,TACC
PRICELIST,16086XL,PRODUCT DESCRIPTION 3742,85,50,EA,30216,311217,1,21.1941,,,,TOWEL,C,TACC
PRICELIST,16087XXL,PRODUCT DESCRIPTION 3743,85,50,EA,30216,311217,1,20.1942,,,,TOWEL,C,TACC
PRICELIST,16088S,PRODUCT DESCRIPTION 3744,8M,67,EA,30216,311217,1,21.1942,,,,AWAIT CATEGORY,M,FJAP
PRICELIST,16089M,PRODUCT DESCRIPTION 3745,8M,67,EA,30216,311217,1,20.1943,,,,AWAIT CATEGORY,M,FJAP
PRICELIST,16090L,PRODUCT DESCRIPTION 3746,8M,67,EA,30216,311217,1,21.1943,,,,AWAIT CATEGORY,M,FJAP
PRICELIST,16091XL,PRODUCT DESCRIPTION 3747,8M,67,EA,30216,311217,1,20.1944,,,,AWAIT CATEGORY,M,FJAP
PRICELIST,16092XXL,PRODUCT DESCRIPTION 3748,8M,67,EA,30216,311217,1,21.1944,,,,AWAIT CATEGORY,M,FJAP
PRICELIST,16093S,PRODUCT DESCRIPTION 3749,8M,67,EA,30216,311217,1,20.1945,,,,AWAIT CATEGORY,M,FJAP
PRICELIST,16094M,PRODUCT DESCRIPTION 3750,8M,67,EA,30216,311217,1,21.1945,,,,AWAIT CATEGORY,M,FJAP
PRICELIST,16095L,PRODUCT DESCRIPTION 3751,8M,67,EA,30216,311217,1,20.1946,,,,AWAIT CATEGORY,M,FJAP
PRICELIST,16096XL,PRODUCT DESCRIPTION 3752,8M,67,EA,30216,311217,1,21.1946,,,,AWAIT CATEGORY,M,FJAP
PRICELIST,16097XXL,PRODUCT DESCRIPTION 3753,8M,67,EA,30216,311217,1,20.1947,,,,AWAIT CATEGORY,M,FJAP
PRICELIST,16098S,PRODUCT DESCRIPTION 3754,8M,67,EA,30216,311217,1,21.1947,,,,AWAIT CATEGORY,M,FJAP
PRICELIST,16099M,PRODUCT DESCRIPTION 3755,8M,67,EA,30216,311217,1,20.1948,,,,AWAIT CATEGORY,M,FJAP
PRICELIST,16100L,PRODUCT DESCRIPTION 3756,8M,67,EA,30216,311217,1,21.1948,,,,AWAIT CATEGORY,M,FJAP
PRICELIST,16101XL,PRODUCT DESCRIPTION 3757,8M,67,EA,30216,311217,1,20.1949,,,,AWAIT CATEGORY,M,FJAP
PRICELIST,16102XXL,PRODUCT DESCRIPTION 3758,8M,67,EA,30216,311217,1,21.1949,,,,AWAIT CATEGORY,M,FJAP
PRICELIST,16103S,PRODUCT DESCRIPTION 3759,8M,67,EA,30216,311217,1,20.1950,,,,AWAIT CATEGORY,M,FJAP
PRICELIST,16104M,PRODUCT DESCRIPTION 3760,8M,67,EA,30216,311217,1,21.1950,,,,AWAIT CATEGORY,M,FJAP
PRICELIST,16105L,PRODUCT DESCRIPTION 3761,8M,67,EA,30216,311217,1,20.1951,,,,AWAIT CATEGORY,M,FJAP
PRICELIST,16106XL,PRODUCT DESCRIPTION 3762,8M,67,EA,30216,311217,1,21.1951,,,,AWAIT CATEGORY,M,FJAP
PRICELIST,16107XXL,PRODUCT DESCRIPTION 3763,8M,67,EA,30216,311217,1,20.1952,,,,AWAIT CATEGORY,M,FJAP
PRICELIST,16108S,PRODUCT DESCRIPTION 3764,8M,67,EA,30216,311217,1,21.1952,,,,AWAIT CATEGORY,M,FJAP
PRICELIST,16109M,PRODUCT DESCRIPTION 3765,8M,67,EA,30216,311217,1,20.1953,,,,AWAIT CATEGORY,M,FJAP
PRICELIST,16110L,PRODUCT DESCRIPTION 3766,8M,67,EA,30216,311217,1,21.1953,,,,AWAIT CATEGORY,M,FJAP
PRICELIST,16111XL,PRODUCT DESCRIPTION 3767,8M,67,EA,30216,311217,1,20.1954,,,,AWAIT CATEGORY,M,FJAP
PRICELIST,16112XXL,PRODUCT DESCRIPTION 3768,8M,67,EA,30216,311217,1,21.1954,,,,AWAIT CATEGORY,M,FJAP
PRICELIST,16113S,PRODUCT DESCRIPTION 3769,8M,67,EA,30216,311217,1,20.1955,,,,AWAIT CATEGORY,M,FJAP
PRICELIST,16114M,PRODUCT DESCRIPTION 3770,8M,67,EA,30216,311217,1,21.1955,,,,AWAIT CATEGORY,M,FJAP
PRICELIST,16115L,PRODUCT DESCRIPTION 3771,8M,67,EA,30216,311217,1,20.1956,,,,AWAIT CATEGORY,M,FJAP
PRICELIST,16116XL,PRODUCT DESCRIPTION 3772,8M,67,EA,30216,311217,1,21.1956,,,,AWAIT CATEGORY,M,FJAP
PRICELIST,16117XXL,PRODUCT DESCRIPTION 3773,8M,67,EA,30216,311217,1,20.1957,,,,AWAIT CATEGORY,M,FJAP
PRICELIST,16118S,PRODUCT DESCRIPTION 3774,8M,67,EA,30216,311217,1,21.1957,,,,AWAIT CATEGORY,M,FJAP
PRICELIST,16119M,PRODUCT DESCRIPTION 3775,8M,67,EA,30216,311217,1,20.1958,,,,AWAIT CATEGORY,M,FJAP
PRICELIST,16120L,PRODUCT DESCRIPTION 3776,8M,67,EA,30216,311217,1,21.1958,,,,AWAIT CATEGORY,M,FJAP
PRICELIST,16121XL,PRODUCT DESCRIPTION 3777,8M,67,EA,30216,311217,1,20.1959,,,,AWAIT CATEGORY,M,FJAP
PRICELIST,16122XXL,PRODUCT DESCRIPTION 3778,8M,67,EA,30216,311217,1,21.1959,,,,AWAIT CATEGORY,M,FJAP
PRICELIST,16123S,PRODUCT DESCRIPTION 3779,8M,67,EA,30216,311217,1,20.1960,,,,AWAIT CATEGORY,M,FJAP
PRICELIST,16124M,PRODUCT DESCRIPTION 3780,8M,67,EA,30216,311217,1,21.1960,,,,AWAIT CATEGORY,M,FJAP
PRICELIST,16125L,PRODUCT DESCRIPTION 3781,8M,67,EA,30216,311217,1,20.1961,,,,AWAIT CATEGORY,M,FJAP
PRICELIST,16126XL,PRODUCT DESCRIPTION 3782,8M,67,EA,30216,311217,1,21.1961,,,,AWAIT CATEGORY,M,FJAP
PRICELIST,16127XXL,PRODUCT DESCRIPTION 3783,8M,67,EA,30216,311217,1,20.1962,,,,AWAIT CATEGORY,M,FJAP
PRICELIST,16128S,PRODUCT DESCRIPTION 3784,8M,67,EA,30216,311217,1,21.1962,,,,AWAIT CATEGORY,M,FJAP
PRICELIST,16129M,PRODUCT DESCRIPTION 3785,8M,67,EA,30216,311217,1,20.1963,,,,AWAIT CATEGORY,M,FJAP
PRICELIST,16130L,PRODUCT DESCRIPTION 3786,8M,67,EA,30216,311217,1,21.1963,,,,AWAIT CATEGORY,M,FJAP
PRICELIST,16131XL,PRODUCT DESCRIPTION 3787,8M,67,EA,30216,311217,1,20.1964,,,,AWAIT CATEGORY,M,FJAP
PRICELIST,16132XXL,PRODUCT DESCRIPTION 3788,8M,67,EA,30216,311217,1,21.1964,,,,AWAIT CATEGORY,M,FJAP
PRICELIST,16133S,PRODUCT DESCRIPTION 3789,8M,67,EA,30216,311217,1,20.1965,,,,AWAIT CATEGORY,M,FJAP
PRICELIST,16134M,PRODUCT DESCRIPTION 3790,8M,67,EA,30216,311217,1,21.1965,,,,AWAIT CATEGORY,M,FJAP
PRICELIST,16135L,PRODUCT DESCRIPTION 3791,8M,67,EA,30216,311217,1,20.1966,,,,AWAIT CATEGORY,M,FJAP
PRICELIST,16136XL,PRODUCT DESCRIPTION 3792,8M,67,EA,30216,311217,1,21.1966,,,,AWAIT CATEGORY,M,FJAP
PRICELIST,16137XXL,PRODUCT DESCRIPTION 3793,8M,67,EA,30216,311217,1,20.1967,,,,AWAIT CATEGORY,M,FJAP
PRICELIST,16138S,PRODUCT DESCRIPTION 3794,8M,67,EA,30216,311217,1,21.1967,,,,AWAIT CATEGORY,M,FJAP
PRICELIST,16139M,PRODUCT DESCRIPTION 3795,8M,67,EA,30216,311217,1,20.1968,,,,AWAIT CATEGORY,M,FJAP
PRICELIST,16140L,PRODUCT DESCRIPTION 3796,8M,67,EA,30216,311217,1,21.1968,,,,AWAIT CATEGORY,M,FJAP
PRICELIST,16141XL,PRODUCT DESCRIPTION 3797,8M,67,EA,30216,311217,1,20.1969,,,,AWAIT CATEGORY,M,FJAP
PRICELIST,16142XXL,PRODUCT DESCRIPTION 3798,8M,67,EA,30216,311217,1,21.1969,,,,AWAIT CATEGORY,M,FJAP
PRICELIST,16143S,PRODUCT DESCRIPTION 3799,8M,67,EA,30216,311217,1,20.1970,,,,AWAIT CATEGORY,M,FJAP
PRICELIST,16144M,PRODUCT DESCRIPTION 3800,8M,67,EA,30216,311217,1,21.1970,,,,AWAIT CATEGORY,M,FJAP
PRICELIST,16145L,PRODUCT DESCRIPTION 3801,8M,67,EA,30216,311217,1,20.1971,,,,AWAIT CATEGORY,M,FJAP
PRICELIST,16146XL,PRODUCT DESCRIPTION 3802,8M,67,EA,30216,311217,1,21.1971,,,,AWAIT CATEGORY,M,FJAP
PRICELIST,16147XXL,PRODUCT DESCRIPTION 3803,8M,67,EA,30216,311217,1,20.1972,,,,AWAIT CATEGORY,M,FJAP
PRICELIST,16148S,PRODUCT DESCRIPTION 3804,8M,67,EA,30216,311217,1,21.1972,,,,AWAIT CATEGORY,M,FJAP
PRICELIST,16149M,PRODUCT DESCRIPTION 3805,8M,67,EA,30216,311217,1,20.1973,,,,AWAIT CATEGORY,M,FJAP
PRICELIST,16150L,PRODUCT DESCRIPTION 3806,8M,67,EA,30216,311217,1,21.1973,,,,AWAIT CATEGORY,M,FJAP
PRICELIST,16151XL,PRODUCT DESCRIPTION 3807,8M,67,EA,30216,311217,1,20.1974,,,,AWAIT CATEGORY,M,FJAP
PRICELIST,16152XXL,PRODUCT DESCRIPTION 3808,8M,67,EA,30216,311217,1,21.1974,,,,AWAIT CATEGORY,M,FJAP
PRICELIST,16153S,PRODUCT DESCRIPTION 3809,8M,67,EA,30216,311217,1,20.1975,,,,AWAIT CATEGORY,M,FJAP
PRICELIST,16154M,PRODUCT DESCRIPTION 3810,8M,67,EA,30216,311217,1,21.1975,,,,AWAIT CATEGORY,M,FJAP
PRICELIST,16155L,PRODUCT DESCRIPTION 3811,8M,67,EA,30216,311217,1,20.1976,,,,AWAIT CATEGORY,M,FJAP
PRICELIST,16156XL,PRODUCT DESCRIPTION 3812,8M,67,EA,30216,311217,1,21.1976,,,,AWAIT CATEGORY,M,FJAP
PRICELIST,16157XXL,PRODUCT DESCRIPTION 3813,8M,67,EA,30216,311217,1,20.1977,,,,AWAIT CATEGORY,M,FJAP
PRICELIST,16158S,PRODUCT DESCRIPTION 3814,8M,67,EA,30216,311217,1,21.1977,,,,AWAIT CATEGORY,M,FJAP
PRICELIST,16159M,PRODUCT DESCRIPTION 3815,8M,67,EA,30216,311217,1,20.1978,,,,AWAIT CATEGORY,M,FJAP
PRICELIST,16160L,PRODUCT DESCRIPTION 3816,8M,67,EA,30216,311217,1,21.1978,,,,AWAIT CATEGORY,M,FJAP
PRICELIST,16161XL,PRODUCT DESCRIPTION 3817,8M,67,EA,30216,311217,1,20.1979,,,,AWAIT CATEGORY,M,FJAP
PRICELIST,16162XXL,PRODUCT DESCRIPTION 3818,8M,67,EA,30216,311217,1,21.1979,,,,AWAIT CATEGORY,M,FJAP
PRICELIST,16163S,PRODUCT DESCRIPTION 3819,8M,67,EA,30216,311217,1,20.1980,,,,AWAIT CATEGORY,M,FJAP
PRICELIST,16164M,PRODUCT DESCRIPTION 3820,8M,67,EA,30216,311217,1,21.1980,,,,AWAIT CATEGORY,M,FJAP
PRICELIST,16165L,PRODUCT DESCRIPTION 3821,8M,67,EA,30216,311217,1,20.1981,,,,AWAIT CATEGORY,M,FJAP
PRICELIST,16166XL,PRODUCT DESCRIPTION 3822,8M,67,EA,30216,311217,1,21.1981,,,,AWAIT CATEGORY,M,FJAP
PRICELIST,16167XXL,PRODUCT DESCRIPTION 3823,8M,67,EA,30216,311217,1,20.1982,,,,AWAIT CATEGORY,M,FJAP
PRICELIST,16168S,PRODUCT DESCRIPTION 3824,8M,67,EA,30216,311217,1,21.1982,,,,AWAIT CATEGORY,M,FJAP
PRICELIST,16169M,PRODUCT DESCRIPTION 3825,8M,67,EA,30216,311217,1,20.1983,,,,AWAIT CATEGORY,M,FJAP
PRICELIST,16170L,PRODUCT DESCRIPTION 3826,8M,67,EA,30216,311217,1,21.1983,,,,AWAIT CATEGORY,M,FJAP
PRICELIST,16171XL,PRODUCT DESCRIPTION 3827,8M,67,EA,30216,311217,1,20.1984,,,,AWAIT CATEGORY,M,FJAP
PRICELIST,16172XXL,PRODUCT DESCRIPTION 3828,8M,67,EA,30216,311217,1,21.1984,,,,AWAIT CATEGORY,M,FJAP
PRICELIST,16173S,PRODUCT DESCRIPTION 3829,8M,67,EA,30216,311217,1,20.1985,,,,AWAIT CATEGORY,M,FJAP
PRICELIST,16174M,PRODUCT DESCRIPTION 3830,8M,67,EA,30216,311217,1,21.1985,,,,AWAIT CATEGORY,M,FJAP
PRICELIST,16175L,PRODUCT DESCRIPTION 3831,8M,67,EA,30216,311217,1,20.1986,,,,AWAIT CATEGORY,M,FJAP
PRICELIST,16176XL,PRODUCT DESCRIPTION 3832,8M,67,EA,30216,311217,1,21.1986,,,,AWAIT CATEGORY,M,FJAP
PRICELIST,16177XXL,PRODUCT DESCRIPTION 3833,8M,67,EA,30216,311217,1,20.1987,,,,AWAIT CATEGORY,M,FJAP
PRICELIST,16178S,PRODUCT DESCRIPTION 3834,8M,67,EA,30216,311217,1,21.1987,,,,AWAIT CATEGORY,M,FJAP
PRICELIST,16179M,PRODUCT DESCRIPTION 3835,8M,67,EA,30216,311217,1,20.1988,,,,AWAIT CATEGORY,M,FJAP
PRICELIST,16180L,PRODUCT DESCRIPTION 3836,8M,67,EA,30216,311217,1,21.1988,,,,AWAIT CATEGORY,M,FJAP
PRICELIST,16181XL,PRODUCT DESCRIPTION 3837,8M,67,EA,30216,311217,1,20.1989,,,,AWAIT CATEGORY,M,FJAP
PRICELIST,16182XXL,PRODUCT DESCRIPTION 3838,8M,67,EA,30216,311217,1,21.1989,,,,AWAIT CATEGORY,M,FJAP
PRICELIST,16183S,PRODUCT DESCRIPTION 3839,8M,67,EA,30216,311217,1,20.1990,,,,AWAIT CATEGORY,M,FJAP
PRICELIST,16184M,PRODUCT DESCRIPTION 3840,8M,67,EA,30216,311217,1,21.1990,,,,AWAIT CATEGORY,M,FJAP
PRICELIST,16185L,PRODUCT DESCRIPTION 3841,8M,67,EA,30216,311217,1,20.1991,,,,AWAIT CATEGORY,M,FJAP
PRICELIST,16186XL,PRODUCT DESCRIPTION 3842,8M,67,EA,30216,311217,1,21.1991,,,,AWAIT CATEGORY,M,FJAP
PRICELIST,16187XXL,PRODUCT DESCRIPTION 3843,8M,67,EA,30216,311217,1,20.1992,,,,AWAIT CATEGORY,M,FJAP
PRICELIST,16188S,PRODUCT DESCRIPTION 3844,8M,67,EA,30216,311217,1,21.1992,,,,AWAIT CATEGORY,M,FJAP
PRICELIST,16189M,PRODUCT DESCRIPTION 3845,8M,67,EA,30216,311217,1,20.1993,,,,AWAIT CATEGORY,M,FJAP
PRICELIST,16190L,PRODUCT DESCRIPTION 3846,8M,67,EA,30216,311217,1,21.1993,,,,AWAIT CATEGORY,M,FJAP
PRICELIST,16191XL,PRODUCT DESCRIPTION 3847,8M,67,EA,30216,311217,1,20.1994,,,,AWAIT CATEGORY,M,FJAP
PRICELIST,16192XXL,PRODUCT DESCRIPTION 3848,8M,67,EA,30216,311217,1,21.1994,,,,AWAIT CATEGORY,M,FJAP
PRICELIST,16193S,PRODUCT DESCRIPTION 3849,8M,67,EA,30216,311217,1,20.1995,,,,AWAIT CATEGORY,M,FJAP
PRICELIST,16194M,PRODUCT DESCRIPTION 3850,8M,67,EA,30216,311217,1,21.1995,,,,AWAIT CATEGORY,M,FJAP
PRICELIST,16195L,PRODUCT DESCRIPTION 3851,8M,67,EA,30216,311217,1,20.1996,,,,AWAIT CATEGORY,M,FJAP
PRICELIST,16196XL,PRODUCT DESCRIPTION 3852,8M,67,EA,30216,311217,1,21.1996,,,,AWAIT CATEGORY,M,FJAP
PRICELIST,16197XXL,PRODUCT DESCRIPTION 3853,8M,67,EA,30216,311217,1,20.1997,,,,AWAIT CATEGORY,M,FJAP
PRICELIST,16198S,PRODUCT DESCRIPTION 3854,8M,67,EA,30216,311217,1,21.1997,,,,AWAIT CATEGORY,M,FJAP
PRICELIST,16199M,PRODUCT DESCRIPTION 3855,8M,67,EA,30216,311217,1,20.1998,,,,AWAIT CATEGORY,M,FJAP
PRICELIST,16200L,PRODUCT DESCRIPTION 3856,8M,67,EA,30216,311217,1,21.1998,,,,AWAIT CATEGORY,M,FJAP
PRICELIST,16201XL,PRODUCT DESCRIPTION 3857,8M,67,EA,30216,311217,1,20.1999,,,,AWAIT CATEGORY,M,FJAP
PRICELIST,16202XXL,PRODUCT DESCRIPTION 3858,8M,67,EA,30216,311217,1,21.1999,,,,AWAIT CATEGORY,M,FJAP
PRICELIST,16203S,PRODUCT DESCRIPTION 3859,8M,67,EA,30216,311217,1,20.2000,,,,AWAIT CATEGORY,M,FJAP
PRICELIST,16204M,PRODUCT DESCRIPTION 3860,8M,67,EA,30216,311217,1,21.2000,,,,AWAIT CATEGORY,M,FJAP
PRICELIST,16205L,PRODUCT DESCRIPTION 3861,8M,67,EA,30216,311217,1,20.2001,,,,AWAIT CATEGORY,M,FJAP
PRICELIST,16206XL,PRODUCT DESCRIPTION 3862,8M,67,EA,30216,311217,1,21.2001,,,,AWAIT CATEGORY,M,FJAP
PRICELIST,16207XXL,PRODUCT DESCRIPTION 3863,8M,67,EA,30216,311217,1,20.2002,,,,AWAIT CATEGORY,M,FJAP
PRICELIST,16208S,PRODUCT DESCRIPTION 3864,8M,67,EA,30216,311217,1,21.2002,,,,AWAIT CATEGORY,M,FJAP
PRICELIST,16209M,PRODUCT DESCRIPTION 3865,8M,67,EA,30216,311217,1,20.2003,,,,AWAIT CATEGORY,M,FJAP
PRICELIST,16210L,PRODUCT DESCRIPTION 3866,8M,67,EA,30216,311217,1,21.2003,,,,AWAIT CATEGORY,M,FJAP
PRICELIST,16211XL,PRODUCT DESCRIPTION 3867,8M,67,EA,30216,311217,1,20.2004,,,,AWAIT CATEGORY,M,FJAP
PRICELIST,16212XXL,PRODUCT DESCRIPTION 3868,8M,67,EA,30216,311217,1,21.2004,,,,AWAIT CATEGORY,M,FJAP
PRICELIST,16213S,PRODUCT DESCRIPTION 3869,8M,67,EA,30216,311217,1,20.2005,,,,AWAIT CATEGORY,M,FJAP
PRICELIST,16214M,PRODUCT DESCRIPTION 3870,8M,67,EA,30216,311217,1,21.2005,,,,AWAIT CATEGORY,M,FJAP
PRICELIST,16215L,PRODUCT DESCRIPTION 3871,8M,67,EA,30216,311217,1,20.2006,,,,AWAIT CATEGORY,M,FJAP
PRICELIST,16216XL,PRODUCT DESCRIPTION 3872,8M,67,EA,30216,311217,1,21.2006,,,,AWAIT CATEGORY,M,FJAP
PRICELIST,16217XXL,PRODUCT DESCRIPTION 3873,8M,67,EA,30216,311217,1,20.2007,,,,AWAIT CATEGORY,M,FJAP
PRICELIST,16218S,PRODUCT DESCRIPTION 3874,8M,67,EA,30216,311217,1,21.2007,,,,AWAIT CATEGORY,M,FJAP
PRICELIST,16219M,PRODUCT DESCRIPTION 3875,8M,67,EA,30216,311217,1,20.2008,,,,AWAIT CATEGORY,M,FJAP
PRICELIST,16220L,PRODUCT DESCRIPTION 3876,8M,67,EA,30216,311217,1,21.2008,,,,AWAIT CATEGORY,M,FJAP
PRICELIST,16221XL,PRODUCT DESCRIPTION 3877,8M,67,EA,30216,311217,1,20.2009,,,,AWAIT CATEGORY,M,FJAP
PRICELIST,16222XXL,PRODUCT DESCRIPTION 3878,8M,67,EA,30216,311217,1,21.2009,,,,AWAIT CATEGORY,M,FJAP
PRICELIST,16223S,PRODUCT DESCRIPTION 3879,8M,67,EA,30216,311217,1,20.2010,,,,AWAIT CATEGORY,M,FJAP
PRICELIST,16224M,PRODUCT DESCRIPTION 3880,8M,67,EA,30216,311217,1,21.2010,,,,AWAIT CATEGORY,M,FJAP
PRICELIST,16225L,PRODUCT DESCRIPTION 3881,8M,67,EA,30216,311217,1,20.2011,,,,AWAIT CATEGORY,M,FJAP
PRICELIST,16226XL,PRODUCT DESCRIPTION 3882,8M,67,EA,30216,311217,1,21.2011,,,,AWAIT CATEGORY,M,FJAP
PRICELIST,16227XXL,PRODUCT DESCRIPTION 3883,8M,67,EA,30216,311217,1,20.2012,,,,AWAIT CATEGORY,M,FJAP
PRICELIST,16228S,PRODUCT DESCRIPTION 3884,8M,67,EA,30216,311217,1,21.2012,,,,AWAIT CATEGORY,M,FJAP
PRICELIST,16229M,PRODUCT DESCRIPTION 3885,8M,67,EA,30216,311217,1,20.2013,,,,AWAIT CATEGORY,M,FJAP
PRICELIST,16230L,PRODUCT DESCRIPTION 3886,8M,67,EA,30216,311217,1,21.2013,,,,AWAIT CATEGORY,M,FJAP
PRICELIST,16231XL,PRODUCT DESCRIPTION 3887,8M,67,EA,30216,311217,1,20.2014,,,,AWAIT CATEGORY,M,FJAP
PRICELIST,16232XXL,PRODUCT DESCRIPTION 3888,8M,67,EA,30216,311217,1,21.2014,,,,AWAIT CATEGORY,M,FJAP
PRICELIST,16233S,PRODUCT DESCRIPTION 3889,8M,67,EA,30216,311217,1,20.2015,,,,AWAIT CATEGORY,M,FJAP
PRICELIST,16234M,PRODUCT DESCRIPTION 3890,8M,67,EA,30216,311217,1,21.2015,,,,AWAIT CATEGORY,M,FJAP
PRICELIST,16235L,PRODUCT DESCRIPTION 3891,8M,67,EA,30216,311217,1,20.2016,,,,AWAIT CATEGORY,M,FJAP
PRICELIST,16236XL,PRODUCT DESCRIPTION 3892,8M,67,EA,30216,311217,1,21.2016,,,,AWAIT CATEGORY,M,FJAP
PRICELIST,16237XXL,PRODUCT DESCRIPTION 3893,8M,67,EA,30216,311217,1,20.2017,,,,AWAIT CATEGORY,M,FJAP
PRICELIST,16238S,PRODUCT DESCRIPTION 3894,8M,67,EA,30216,311217,1,21.2017,,,,AWAIT CATEGORY,M,FJAP
PRICELIST,16239M,PRODUCT DESCRIPTION 3895,8M,67,EA,30216,311217,1,20.2018,,,,AWAIT CATEGORY,M,FJAP
PRICELIST,16240L,PRODUCT DESCRIPTION 3896,8M,67,EA,30216,311217,1,21.2018,,,,AWAIT CATEGORY,M,FJAP
PRICELIST,16241XL,PRODUCT DESCRIPTION 3897,8M,67,EA,30216,311217,1,20.2019,,,,AWAIT CATEGORY,M,FJAP
PRICELIST,16242S,PRODUCT DESCRIPTION 3898,8M,67,EA,30216,311217,1,21.2019,,,,AWAIT CATEGORY,M,FJAP
PRICELIST,16243M,PRODUCT DESCRIPTION 3899,8M,67,EA,30216,311217,1,20.2020,,,,AWAIT CATEGORY,M,FJAP
PRICELIST,16244L,PRODUCT DESCRIPTION 3900,8M,67,EA,30216,311217,1,21.2020,,,,AWAIT CATEGORY,M,FJAP
PRICELIST,16245XL,PRODUCT DESCRIPTION 3901,8M,67,EA,30216,311217,1,20.2021,,,,AWAIT CATEGORY,M,FJAP
PRICELIST,16246XXL,PRODUCT DESCRIPTION 3902,8M,67,EA,30216,311217,1,21.2021,,,,AWAIT CATEGORY,M,FJAP
PRICELIST,16247S,PRODUCT DESCRIPTION 3903,8M,67,EA,30216,311217,1,20.2022,,,,AWAIT CATEGORY,M,FJAP
PRICELIST,16248M,PRODUCT DESCRIPTION 3904,8M,67,EA,30216,311217,1,21.2022,,,,AWAIT CATEGORY,M,FJAP
PRICELIST,16249L,PRODUCT DESCRIPTION 3905,8M,67,EA,30216,311217,1,20.2023,,,,AWAIT CATEGORY,M,FJAP
PRICELIST,16250XL,PRODUCT DESCRIPTION 3906,8M,67,EA,30216,311217,1,21.2023,,,,AWAIT CATEGORY,M,FJAP
PRICELIST,16251XXL,PRODUCT DESCRIPTION 3907,8M,67,EA,30216,311217,1,20.2024,,,,AWAIT CATEGORY,M,FJAP
PRICELIST,16252S,PRODUCT DESCRIPTION 3908,8M,67,EA,30216,311217,1,21.2024,,,,AWAIT CATEGORY,M,FJAP
PRICELIST,16253M,PRODUCT DESCRIPTION 3909,8M,67,EA,30216,311217,1,20.2025,,,,AWAIT CATEGORY,M,FJAP
PRICELIST,16254L,PRODUCT DESCRIPTION 3910,8M,67,EA,30216,311217,1,21.2025,,,,AWAIT CATEGORY,M,FJAP
PRICELIST,16255XL,PRODUCT DESCRIPTION 3911,8M,67,EA,30216,311217,1,20.2026,,,,AWAIT CATEGORY,M,FJAP
PRICELIST,16256XXL,PRODUCT DESCRIPTION 3912,8M,67,EA,30216,311217,1,21.2026,,,,AWAIT CATEGORY,M,FJAP
PRICELIST,16257S,PRODUCT DESCRIPTION 3913,8M,67,EA,30216,311217,1,20.2027,,,,AWAIT CATEGORY,M,FJAP
PRICELIST,16258M,PRODUCT DESCRIPTION 3914,8M,67,EA,30216,311217,1,21.2027,,,,AWAIT CATEGORY,M,FJAP
PRICELIST,16259L,PRODUCT DESCRIPTION 3915,8M,67,EA,30216,311217,1,20.2028,,,,AWAIT CATEGORY,M,FJAP
PRICELIST,16260XL,PRODUCT DESCRIPTION 3916,8M,67,EA,30216,311217,1,21.2028,,,,AWAIT CATEGORY,M,FJAP
PRICELIST,16261XXL,PRODUCT DESCRIPTION 3917,8M,67,EA,30216,311217,1,20.2029,,,,AWAIT CATEGORY,M,FJAP
PRICELIST,16262S,PRODUCT DESCRIPTION 3918,8M,67,EA,30216,311217,1,21.2029,,,,AWAIT CATEGORY,M,FJAP
PRICELIST,16263M,PRODUCT DESCRIPTION 3919,8M,67,EA,30216,311217,1,20.2030,,,,AWAIT CATEGORY,M,FJAP
PRICELIST,16264L,PRODUCT DESCRIPTION 3920,8M,67,EA,30216,311217,1,21.2030,,,,AWAIT CATEGORY,M,FJAP
PRICELIST,16265XL,PRODUCT DESCRIPTION 3921,8M,67,EA,30216,311217,1,20.2031,,,,AWAIT CATEGORY,M,FJAP
PRICELIST,16266XXL,PRODUCT DESCRIPTION 3922,8M,67,EA,30216,311217,1,21.2031,,,,AWAIT CATEGORY,M,FJAP
PRICELIST,16267S,PRODUCT DESCRIPTION 3923,8M,67,EA,30216,311217,1,20.2032,,,,AWAIT CATEGORY,M,FJAP
PRICELIST,16268M,PRODUCT DESCRIPTION 3924,8M,67,EA,30216,311217,1,21.2032,,,,AWAIT CATEGORY,M,FJAP
PRICELIST,16269L,PRODUCT DESCRIPTION 3925,8M,67,EA,30216,311217,1,20.2033,,,,AWAIT CATEGORY,M,FJAP
PRICELIST,16270XL,PRODUCT DESCRIPTION 3926,8M,67,EA,30216,311217,1,21.2033,,,,AWAIT CATEGORY,M,FJAP
PRICELIST,16271XXL,PRODUCT DESCRIPTION 3927,8M,67,EA,30216,311217,1,20.2034,,,,AWAIT CATEGORY,M,FJAP
PRICELIST,16272S,PRODUCT DESCRIPTION 3928,8M,67,EA,30216,311217,1,21.2034,,,,AWAIT CATEGORY,M,FJAP
PRICELIST,16273M,PRODUCT DESCRIPTION 3929,8M,67,EA,30216,311217,1,20.2035,,,,AWAIT CATEGORY,M,FJAP
PRICELIST,16274L,PRODUCT DESCRIPTION 3930,8M,67,EA,30216,311217,1,21.2035,,,,AWAIT CATEGORY,M,FJAP
PRICELIST,16275XL,PRODUCT DESCRIPTION 3931,8M,67,EA,30216,311217,1,20.2036,,,,AWAIT CATEGORY,M,FJAP
PRICELIST,16276XXL,PRODUCT DESCRIPTION 3932,8M,67,EA,30216,311217,1,21.2036,,,,AWAIT CATEGORY,M,FJAP
PRICELIST,16277S,PRODUCT DESCRIPTION 3933,8M,67,EA,30216,311217,1,20.2037,,,,AWAIT CATEGORY,M,FJAP
PRICELIST,16278M,PRODUCT DESCRIPTION 3934,8M,67,EA,30216,311217,1,21.2037,,,,AWAIT CATEGORY,M,FJAP
PRICELIST,16279L,PRODUCT DESCRIPTION 3935,8M,67,EA,30216,311217,1,20.2038,,,,AWAIT CATEGORY,M,FJAP
PRICELIST,16280XL,PRODUCT DESCRIPTION 3936,8M,67,EA,30216,311217,1,21.2038,,,,AWAIT CATEGORY,M,FJAP
PRICELIST,16281XXL,PRODUCT DESCRIPTION 3937,8M,67,EA,30216,311217,1,20.2039,,,,AWAIT CATEGORY,M,FJAP
PRICELIST,16282S,PRODUCT DESCRIPTION 3938,8M,67,EA,30216,311217,1,21.2039,,,,AWAIT CATEGORY,M,FJAP
PRICELIST,16283M,PRODUCT DESCRIPTION 3939,8M,67,EA,30216,311217,1,20.2040,,,,AWAIT CATEGORY,M,FJAP
PRICELIST,16284L,PRODUCT DESCRIPTION 3940,8M,67,EA,30216,311217,1,21.2040,,,,AWAIT CATEGORY,M,FJAP
PRICELIST,16285XL,PRODUCT DESCRIPTION 3941,8M,67,EA,30216,311217,1,20.2041,,,,AWAIT CATEGORY,M,FJAP
PRICELIST,16286XXL,PRODUCT DESCRIPTION 3942,8M,67,EA,30216,311217,1,21.2041,,,,AWAIT CATEGORY,M,FJAP
PRICELIST,16287S,PRODUCT DESCRIPTION 3943,8M,67,EA,30216,311217,1,20.2042,,,,AWAIT CATEGORY,M,FJAP
PRICELIST,16288M,PRODUCT DESCRIPTION 3944,8M,67,EA,30216,311217,1,21.2042,,,,AWAIT CATEGORY,M,FJAP
PRICELIST,16289L,PRODUCT DESCRIPTION 3945,8M,67,EA,30216,311217,1,20.2043,,,,AWAIT CATEGORY,M,FJAP
PRICELIST,16290XL,PRODUCT DESCRIPTION 3946,8M,67,EA,30216,311217,1,21.2043,,,,AWAIT CATEGORY,M,FJAP
PRICELIST,16291XXL,PRODUCT DESCRIPTION 3947,8M,67,EA,30216,311217,1,20.2044,,,,AWAIT CATEGORY,M,FJAP
PRICELIST,16292S,PRODUCT DESCRIPTION 3948,8M,67,EA,30216,311217,1,21.2044,,,,AWAIT CATEGORY,M,FJAP
PRICELIST,16293M,PRODUCT DESCRIPTION 3949,8M,67,EA,30216,311217,1,20.2045,,,,AWAIT CATEGORY,M,FJAP
PRICELIST,16294L,PRODUCT DESCRIPTION 3950,8M,67,EA,30216,311217,1,21.2045,,,,AWAIT CATEGORY,M,FJAP
PRICELIST,16295XL,PRODUCT DESCRIPTION 3951,8M,67,EA,30216,311217,1,20.2046,,,,AWAIT CATEGORY,M,FJAP
PRICELIST,16296XXL,PRODUCT DESCRIPTION 3952,8M,67,EA,30216,311217,1,21.2046,,,,AWAIT CATEGORY,M,FJAP
PRICELIST,16297S,PRODUCT DESCRIPTION 3953,8M,67,EA,30216,311217,1,20.2047,,,,AWAIT CATEGORY,M,FJAP
PRICELIST,16298M,PRODUCT DESCRIPTION 3954,8M,67,EA,30216,311217,1,21.2047,,,,AWAIT CATEGORY,M,FJAP
PRICELIST,16299L,PRODUCT DESCRIPTION 3955,8M,67,EA,30216,311217,1,20.2048,,,,AWAIT CATEGORY,M,FJAP
PRICELIST,16300XL,PRODUCT DESCRIPTION 3956,8M,67,EA,30216,311217,1,21.2048,,,,AWAIT CATEGORY,M,FJAP
PRICELIST,16301XXL,PRODUCT DESCRIPTION 3957,8M,67,EA,30216,311217,1,20.2049,,,,AWAIT CATEGORY,M,FJAP
PRICELIST,16302S,PRODUCT DESCRIPTION 3958,8M,67,EA,30216,311217,1,21.2049,,,,AWAIT CATEGORY,M,FJAP
PRICELIST,16303M,PRODUCT DESCRIPTION 3959,8M,67,EA,30216,311217,1,20.2050,,,,AWAIT CATEGORY,M,FJAP
PRICELIST,16304L,PRODUCT DESCRIPTION 3960,8M,67,EA,30216,311217,1,21.2050,,,,AWAIT CATEGORY,M,FJAP
PRICELIST,16305XL,PRODUCT DESCRIPTION 3961,8M,67,EA,30216,311217,1,20.2051,,,,AWAIT CATEGORY,M,FJAP
PRICELIST,16306XXL,PRODUCT DESCRIPTION 3962,8M,67,EA,30216,311217,1,21.2051,,,,AWAIT CATEGORY,M,FJAP
PRICELIST,16307S,PRODUCT DESCRIPTION 3963,8M,67,EA,30216,311217,1,20.2052,,,,AWAIT CATEGORY,M,FJAP
PRICELIST,16308M,PRODUCT DESCRIPTION 3964,8M,67,EA,30216,311217,1,21.2052,,,,AWAIT CATEGORY,M,FJAP
PRICELIST,16309L,PRODUCT DESCRIPTION 3965,8M,67,EA,30216,311217,1,20.2053,,,,AWAIT CATEGORY,M,FJAP
PRICELIST,16310XL,PRODUCT DESCRIPTION 3966,8M,67,EA,30216,311217,1,21.2053,,,,AWAIT CATEGORY,M,FJAP
PRICELIST,16311XXL,PRODUCT DESCRIPTION 3967,8M,67,EA,30216,311217,1,20.2054,,,,AWAIT CATEGORY,M,FJAP
PRICELIST,16312S,PRODUCT DESCRIPTION 3968,8M,67,EA,30216,311217,1,21.2054,,,,AWAIT CATEGORY,M,FJAP
PRICELIST,16313M,PRODUCT DESCRIPTION 3969,8M,67,EA,30216,311217,1,20.2055,,,,AWAIT CATEGORY,M,FJAP
PRICELIST,16314L,PRODUCT DESCRIPTION 3970,8M,67,EA,30216,311217,1,21.2055,,,,AWAIT CATEGORY,M,FJAP
PRICELIST,16315XL,PRODUCT DESCRIPTION 3971,8M,67,EA,30216,311217,1,20.2056,,,,AWAIT CATEGORY,M,FJAP
PRICELIST,16316XXL,PRODUCT DESCRIPTION 3972,8M,67,EA,30216,311217,1,21.2056,,,,AWAIT CATEGORY,M,FJAP
PRICELIST,16317S,PRODUCT DESCRIPTION 3973,8M,67,EA,30216,311217,1,20.2057,,,,AWAIT CATEGORY,M,FJAP
PRICELIST,16318M,PRODUCT DESCRIPTION 3974,8M,67,EA,30216,311217,1,21.2057,,,,AWAIT CATEGORY,M,FJAP
PRICELIST,16319L,PRODUCT DESCRIPTION 3975,8M,67,EA,30216,311217,1,20.2058,,,,AWAIT CATEGORY,M,FJAP
PRICELIST,16320XL,PRODUCT DESCRIPTION 3976,8M,67,EA,30216,311217,1,21.2058,,,,AWAIT CATEGORY,M,FJAP
PRICELIST,16321XXL,PRODUCT DESCRIPTION 3977,8M,67,EA,30216,311217,1,20.2059,,,,AWAIT CATEGORY,M,FJAP
PRICELIST,16322S,PRODUCT DESCRIPTION 3978,8M,67,EA,30216,311217,1,21.2059,,,,AWAIT CATEGORY,M,FJAP
PRICELIST,16323M,PRODUCT DESCRIPTION 3979,8M,67,EA,30216,311217,1,20.2060,,,,AWAIT CATEGORY,M,FJAP
PRICELIST,16324L,PRODUCT DESCRIPTION 3980,8M,67,EA,30216,311217,1,21.2060,,,,AWAIT CATEGORY,M,FJAP
PRICELIST,16325XL,PRODUCT DESCRIPTION 3981,8M,67,EA,30216,311217,1,20.2061,,,,AWAIT CATEGORY,M,FJAP
PRICELIST,16326XXL,PRODUCT DESCRIPTION 3982,8M,67,EA,30216,311217,1,21.2061,,,,AWAIT CATEGORY,M,FJAP
PRICELIST,16327S,PRODUCT DESCRIPTION 3983,8M,67,EA,30216,311217,1,20.2062,,,,AWAIT CATEGORY,M,FJAP
PRICELIST,16328M,PRODUCT DESCRIPTION 3984,8M,67,EA,30216,311217,1,21.2062,,,,AWAIT CATEGORY,M,FJAP
PRICELIST,16329L,PRODUCT DESCRIPTION 3985,8M,67,EA,30216,311217,1,20.2063,,,,AWAIT CATEGORY,M,FJAP
PRICELIST,16330XL,PRODUCT DESCRIPTION 3986,8M,67,EA,30216,311217,1,21.2063,,,,AWAIT CATEGORY,M,FJAP
PRICELIST,16331XXL,PRODUCT DESCRIPTION 3987,8M,67,EA,30216,311217,1,20.2064,,,,AWAIT CATEGORY,M,FJAP
PRICELIST,16332S,PRODUCT DESCRIPTION 3988,8M,67,EA,30216,311217,1,21.2064,,,,AWAIT CATEGORY,M,FJAP
PRICELIST,16333M,PRODUCT DESCRIPTION 3989,8M,67,EA,30216,311217,1,20.2065,,,,AWAIT CATEGORY,M,FJAP
PRICELIST,16334L,PRODUCT DESCRIPTION 3990,8M,67,EA,30216,311217,1,21.2065,,,,AWAIT CATEGORY,M,FJAP
PRICELIST,16335XL,PRODUCT DESCRIPTION 3991,8M,67,EA,30216,311217,1,20.2066,,,,AWAIT CATEGORY,M,FJAP
PRICELIST,16336XXL,PRODUCT DESCRIPTION 3992,8M,67,EA,30216,311217,1,21.2066,,,,AWAIT CATEGORY,M,FJAP
PRICELIST,16337S,PRODUCT DESCRIPTION 3993,8M,67,EA,30216,311217,1,20.2067,,,,AWAIT CATEGORY,M,FJAP
PRICELIST,16338M,PRODUCT DESCRIPTION 3994,8M,67,EA,30216,311217,1,21.2067,,,,AWAIT CATEGORY,M,FJAP
PRICELIST,16339L,PRODUCT DESCRIPTION 3995,8M,67,EA,30216,311217,1,20.2068,,,,AWAIT CATEGORY,M,FJAP
PRICELIST,16340XL,PRODUCT DESCRIPTION 3996,8M,67,EA,30216,311217,1,21.2068,,,,AWAIT CATEGORY,M,FJAP
PRICELIST,16341XXL,PRODUCT DESCRIPTION 3997,8M,67,EA,30216,311217,1,20.2069,,,,AWAIT CATEGORY,M,FJAP
PRICELIST,16342S,PRODUCT DESCRIPTION 3998,8M,67,EA,30216,311217,1,21.2069,,,,AWAIT CATEGORY,M,FJAP
PRICELIST,16343M,PRODUCT DESCRIPTION 3999,8M,67,EA,30216,311217,1,20.2070,,,,AWAIT CATEGORY,M,FJAP
PRICELIST,16344L,PRODUCT DESCRIPTION 4000,8M,67,EA,30216,311217,1,21.2070,,,,AWAIT CATEGORY,M,FJAP
PRICELIST,16345XL,PRODUCT DESCRIPTION 4001,8M,67,EA,30216,311217,1,20.2071,,,,AWAIT CATEGORY,M,FJAP
PRICELIST,16346XXL,PRODUCT DESCRIPTION 4002,8M,67,EA,30216,311217,1,21.2071,,,,AWAIT CATEGORY,M,FJAP
PRICELIST,16347S,PRODUCT DESCRIPTION 4003,8M,67,EA,30216,311217,1,20.2072,,,,AWAIT CATEGORY,M,FJAP
PRICELIST,16348M,PRODUCT DESCRIPTION 4004,8M,67,EA,30216,311217,1,21.2072,,,,AWAIT CATEGORY,M,FJAP
PRICELIST,16349L,PRODUCT DESCRIPTION 4005,8M,67,EA,30216,311217,1,20.2073,,,,AWAIT CATEGORY,M,FJAP
PRICELIST,16350XL,PRODUCT DESCRIPTION 4006,8M,67,EA,30216,311217,1,21.2073,,,,AWAIT CATEGORY,M,FJAP
PRICELIST,16351XXL,PRODUCT DESCRIPTION 4007,8M,67,EA,30216,311217,1,20.2074,,,,AWAIT CATEGORY,M,FJAP
PRICELIST,16352S,PRODUCT DESCRIPTION 4008,8M,67,EA,30216,311217,1,21.2074,,,,AWAIT CATEGORY,M,FJAP
PRICELIST,16353M,PRODUCT DESCRIPTION 4009,8M,67,EA,30216,311217,1,20.2075,,,,AWAIT CATEGORY,M,FJAP
PRICELIST,16354L,PRODUCT DESCRIPTION 4010,8M,67,EA,30216,311217,1,21.2075,,,,AWAIT CATEGORY,M,FJAP
PRICELIST,16355XL,PRODUCT DESCRIPTION 4011,8M,67,EA,30216,311217,1,20.2076,,,,AWAIT CATEGORY,M,FJAP
PRICELIST,16356XXL,PRODUCT DESCRIPTION 4012,8M,67,EA,30216,311217,1,21.2076,,,,AWAIT CATEGORY,M,FJAP
PRICELIST,16357S,PRODUCT DESCRIPTION 4013,8M,67,EA,30216,311217,1,20.2077,,,,AWAIT CATEGORY,M,FJAP
PRICELIST,16358M,PRODUCT DESCRIPTION 4014,8M,67,EA,30216,311217,1,21.2077,,,,AWAIT CATEGORY,M,FJAP
PRICELIST,16359L,PRODUCT DESCRIPTION 4015,8M,67,EA,30216,311217,1,20.2078,,,,AWAIT CATEGORY,M,FJAP
PRICELIST,16360XL,PRODUCT DESCRIPTION 4016,8M,67,EA,30216,311217,1,21.2078,,,,AWAIT CATEGORY,M,FJAP
PRICELIST,16361XXL,PRODUCT DESCRIPTION 4017,8M,67,EA,30216,311217,1,20.2079,,,,AWAIT CATEGORY,M,FJAP
PRICELIST,16362S,PRODUCT DESCRIPTION 4018,8M,67,EA,30216,311217,1,21.2079,,,,AWAIT CATEGORY,M,FJAP
PRICELIST,16363M,PRODUCT DESCRIPTION 4019,8M,67,EA,30216,311217,1,20.2080,,,,AWAIT CATEGORY,M,FJAP
PRICELIST,16364L,PRODUCT DESCRIPTION 4020,8M,67,EA,30216,311217,1,21.2080,,,,AWAIT CATEGORY,M,FJAP
PRICELIST,16365XL,PRODUCT DESCRIPTION 4021,8M,67,EA,30216,311217,1,20.2081,,,,AWAIT CATEGORY,M,FJAP
PRICELIST,16366XXL,PRODUCT DESCRIPTION 4022,8M,67,EA,30216,311217,1,21.2081,,,,AWAIT CATEGORY,M,FJAP
PRICELIST,16367S,PRODUCT DESCRIPTION 4023,8M,67,EA,30216,311217,1,20.2082,,,,AWAIT CATEGORY,M,FJAP
PRICELIST,16368M,PRODUCT DESCRIPTION 4024,8M,67,EA,30216,311217,1,21.2082,,,,AWAIT CATEGORY,M,FJAP
PRICELIST,16369L,PRODUCT DESCRIPTION 4025,8M,67,EA,30216,311217,1,20.2083,,,,AWAIT CATEGORY,M,FJAP
PRICELIST,16370XL,PRODUCT DESCRIPTION 4026,8M,67,EA,30216,311217,1,21.2083,,,,AWAIT CATEGORY,M,FJAP
PRICELIST,16371XXL,PRODUCT DESCRIPTION 4027,8M,67,EA,30216,311217,1,20.2084,,,,AWAIT CATEGORY,M,FJAP
PRICELIST,16372S,PRODUCT DESCRIPTION 4028,8M,67,EA,30216,311217,1,21.2084,,,,AWAIT CATEGORY,M,FJAP
PRICELIST,16373M,PRODUCT DESCRIPTION 4029,8M,67,EA,30216,311217,1,20.2085,,,,AWAIT CATEGORY,M,FJAP
PRICELIST,16374L,PRODUCT DESCRIPTION 4030,8M,67,EA,30216,311217,1,21.2085,,,,AWAIT CATEGORY,M,FJAP
PRICELIST,16375XL,PRODUCT DESCRIPTION 4031,8M,67,EA,30216,311217,1,20.2086,,,,AWAIT CATEGORY,M,FJAP
PRICELIST,16376XXL,PRODUCT DESCRIPTION 4032,8M,67,EA,30216,311217,1,21.2086,,,,AWAIT CATEGORY,M,FJAP
PRICELIST,16377S,PRODUCT DESCRIPTION 4033,8M,67,EA,30216,311217,1,20.2087,,,,AWAIT CATEGORY,M,FJAP
PRICELIST,16378M,PRODUCT DESCRIPTION 4034,8M,67,EA,30216,311217,1,21.2087,,,,AWAIT CATEGORY,M,FJAP
PRICELIST,16379L,PRODUCT DESCRIPTION 4035,8M,67,EA,30216,311217,1,20.2088,,,,AWAIT CATEGORY,M,FJAP
PRICELIST,16380XL,PRODUCT DESCRIPTION 4036,8M,67,EA,30216,311217,1,21.2088,,,,AWAIT CATEGORY,M,FJAP
PRICELIST,16381XXL,PRODUCT DESCRIPTION 4037,8M,67,EA,30216,311217,1,20.2089,,,,AWAIT CATEGORY,M,FJAP
PRICELIST,16382S,PRODUCT DESCRIPTION 4038,8O,67,EA,30216,311217,1,21.2089,,,,AWAIT CATEGORY,M,FJAP
PRICELIST,16383M,PRODUCT DESCRIPTION 4039,8O,67,EA,30216,311217,1,20.2090,,,,AWAIT CATEGORY,M,FJAP
PRICELIST,16384L,PRODUCT DESCRIPTION 4040,8O,67,EA,30216,311217,1,21.2090,,,,AWAIT CATEGORY,M,FJAP
PRICELIST,16385XL,PRODUCT DESCRIPTION 4041,8O,67,EA,30216,311217,1,20.2091,,,,AWAIT CATEGORY,M,FJAP
PRICELIST,16386XXL,PRODUCT DESCRIPTION 4042,8O,67,EA,30216,311217,1,21.2091,,,,AWAIT CATEGORY,M,FJAP
PRICELIST,16387S,PRODUCT DESCRIPTION 4043,8O,67,EA,30216,311217,1,20.2092,,,,AWAIT CATEGORY,M,FJAP
PRICELIST,16388M,PRODUCT DESCRIPTION 4044,8O,67,EA,30216,311217,1,21.2092,,,,AWAIT CATEGORY,M,FJAP
PRICELIST,16389L,PRODUCT DESCRIPTION 4045,8O,67,EA,30216,311217,1,20.2093,,,,AWAIT CATEGORY,M,FJAP
PRICELIST,16390XL,PRODUCT DESCRIPTION 4046,8O,67,EA,30216,311217,1,21.2093,,,,AWAIT CATEGORY,M,FJAP
PRICELIST,16391XXL,PRODUCT DESCRIPTION 4047,8O,67,EA,30216,311217,1,20.2094,,,,AWAIT CATEGORY,M,FJAP
PRICELIST,16392S,PRODUCT DESCRIPTION 4048,8O,67,EA,30216,311217,1,21.2094,,,,AWAIT CATEGORY,M,FJAP
PRICELIST,16393M,PRODUCT DESCRIPTION 4049,8O,67,EA,30216,311217,1,20.2095,,,,AWAIT CATEGORY,M,FJAP
PRICELIST,16394L,PRODUCT DESCRIPTION 4050,8O,67,EA,30216,311217,1,21.2095,,,,AWAIT CATEGORY,M,FJAP
PRICELIST,16395XL,PRODUCT DESCRIPTION 4051,8O,67,EA,30216,311217,1,20.2096,,,,AWAIT CATEGORY,M,FJAP
PRICELIST,16396XXL,PRODUCT DESCRIPTION 4052,8O,67,EA,30216,311217,1,21.2096,,,,AWAIT CATEGORY,M,FJAP
PRICELIST,16397S,PRODUCT DESCRIPTION 4053,8O,67,EA,30216,311217,1,20.2097,,,,AWAIT CATEGORY,M,FJAP
PRICELIST,16398M,PRODUCT DESCRIPTION 4054,8O,67,EA,30216,311217,1,21.2097,,,,AWAIT CATEGORY,M,FJAP
PRICELIST,16399L,PRODUCT DESCRIPTION 4055,8O,67,EA,30216,311217,1,20.2098,,,,AWAIT CATEGORY,M,FJAP
PRICELIST,16400XL,PRODUCT DESCRIPTION 4056,8O,67,EA,30216,311217,1,21.2098,,,,AWAIT CATEGORY,M,FJAP
PRICELIST,16401XXL,PRODUCT DESCRIPTION 4057,8O,67,EA,30216,311217,1,20.2099,,,,AWAIT CATEGORY,M,FJAP
PRICELIST,16402S,PRODUCT DESCRIPTION 4058,8O,67,EA,30216,311217,1,21.2099,,,,AWAIT CATEGORY,M,FJAP
PRICELIST,16403M,PRODUCT DESCRIPTION 4059,8O,67,EA,30216,311217,1,20.2100,,,,AWAIT CATEGORY,M,FJAP
PRICELIST,16404L,PRODUCT DESCRIPTION 4060,8O,67,EA,30216,311217,1,21.2100,,,,AWAIT CATEGORY,M,FJAP
PRICELIST,16405XL,PRODUCT DESCRIPTION 4061,8O,67,EA,30216,311217,1,20.2101,,,,AWAIT CATEGORY,M,FJAP
PRICELIST,16406XXL,PRODUCT DESCRIPTION 4062,8O,67,EA,30216,311217,1,21.2101,,,,AWAIT CATEGORY,M,FJAP
PRICELIST,16407S,PRODUCT DESCRIPTION 4063,8O,67,EA,30216,311217,1,20.2102,,,,AWAIT CATEGORY,M,FJAP
PRICELIST,16408M,PRODUCT DESCRIPTION 4064,8O,67,EA,30216,311217,1,21.2102,,,,AWAIT CATEGORY,M,FJAP
PRICELIST,16409L,PRODUCT DESCRIPTION 4065,8O,67,EA,30216,311217,1,20.2103,,,,AWAIT CATEGORY,M,FJAP
PRICELIST,16410XL,PRODUCT DESCRIPTION 4066,8O,67,EA,30216,311217,1,21.2103,,,,AWAIT CATEGORY,M,FJAP
PRICELIST,16411XXL,PRODUCT DESCRIPTION 4067,8O,67,EA,30216,311217,1,20.2104,,,,AWAIT CATEGORY,M,FJAP
PRICELIST,16412S,PRODUCT DESCRIPTION 4068,8O,67,EA,30216,311217,1,21.2104,,,,AWAIT CATEGORY,M,FJAP
PRICELIST,16413M,PRODUCT DESCRIPTION 4069,8O,67,EA,30216,311217,1,20.2105,,,,AWAIT CATEGORY,M,FJAP
PRICELIST,16414L,PRODUCT DESCRIPTION 4070,8O,67,EA,30216,311217,1,21.2105,,,,AWAIT CATEGORY,M,FJAP
PRICELIST,16415XL,PRODUCT DESCRIPTION 4071,8O,67,EA,30216,311217,1,20.2106,,,,AWAIT CATEGORY,M,FJAP
PRICELIST,16416S,PRODUCT DESCRIPTION 4072,8O,67,EA,30216,311217,1,21.2106,,,,AWAIT CATEGORY,M,FJAP
PRICELIST,16417M,PRODUCT DESCRIPTION 4073,8O,67,EA,30216,311217,1,20.2107,,,,AWAIT CATEGORY,M,FJAP
PRICELIST,16418L,PRODUCT DESCRIPTION 4074,8O,67,EA,30216,311217,1,21.2107,,,,AWAIT CATEGORY,M,FJAP
PRICELIST,16419XL,PRODUCT DESCRIPTION 4075,8O,67,EA,30216,311217,1,20.2108,,,,AWAIT CATEGORY,M,FJAP
PRICELIST,16420XXL,PRODUCT DESCRIPTION 4076,8O,67,EA,30216,311217,1,21.2108,,,,AWAIT CATEGORY,M,FJAP
PRICELIST,16421S,PRODUCT DESCRIPTION 4077,8O,67,EA,30216,311217,1,20.2109,,,,AWAIT CATEGORY,M,FJAP
PRICELIST,16422M,PRODUCT DESCRIPTION 4078,8O,67,EA,30216,311217,1,21.2109,,,,AWAIT CATEGORY,M,FJAP
PRICELIST,16423L,PRODUCT DESCRIPTION 4079,8O,67,EA,30216,311217,1,20.2110,,,,AWAIT CATEGORY,M,FJAP
PRICELIST,16424XL,PRODUCT DESCRIPTION 4080,8O,67,EA,30216,311217,1,21.2110,,,,AWAIT CATEGORY,M,FJAP
PRICELIST,16425XXL,PRODUCT DESCRIPTION 4081,8O,67,EA,30216,311217,1,20.2111,,,,AWAIT CATEGORY,M,FJAP
PRICELIST,16426S,PRODUCT DESCRIPTION 4082,8O,67,EA,30216,311217,1,21.2111,,,,AWAIT CATEGORY,M,FJAP
PRICELIST,16427M,PRODUCT DESCRIPTION 4083,8O,67,EA,30216,311217,1,20.2112,,,,AWAIT CATEGORY,M,FJAP
PRICELIST,16428L,PRODUCT DESCRIPTION 4084,8O,67,EA,30216,311217,1,21.2112,,,,AWAIT CATEGORY,M,FJAP
PRICELIST,16429XL,PRODUCT DESCRIPTION 4085,8O,67,EA,30216,311217,1,20.2113,,,,AWAIT CATEGORY,M,FJAP
PRICELIST,16430XXL,PRODUCT DESCRIPTION 4086,8O,67,EA,30216,311217,1,21.2113,,,,AWAIT CATEGORY,M,FJAP
PRICELIST,16431S,PRODUCT DESCRIPTION 4087,8O,67,EA,30216,311217,1,20.2114,,,,AWAIT CATEGORY,M,FJAP
PRICELIST,16432M,PRODUCT DESCRIPTION 4088,8Q,67,PR,30216,311217,1,21.2114,,,,AWAIT CATEGORY,M,FJAP
PRICELIST,16433L,PRODUCT DESCRIPTION 4089,8Q,67,PR,30216,311217,1,20.2115,,,,AWAIT CATEGORY,M,FJAP
PRICELIST,16434XL,PRODUCT DESCRIPTION 4090,8Q,67,PR,30216,311217,1,21.2115,,,,AWAIT CATEGORY,M,FJAP
PRICELIST,16435XXL,PRODUCT DESCRIPTION 4091,8Q,67,PR,30216,311217,1,20.2116,,,,AWAIT CATEGORY,M,FJAP
PRICELIST,16436S,PRODUCT DESCRIPTION 4092,8Q,67,PR,30216,311217,1,21.2116,,,,AWAIT CATEGORY,M,FJAP
PRICELIST,16437M,PRODUCT DESCRIPTION 4093,8Q,67,PR,30216,311217,1,20.2117,,,,AWAIT CATEGORY,M,FJAP
PRICELIST,16438L,PRODUCT DESCRIPTION 4094,8Q,67,PR,30216,311217,1,21.2117,,,,AWAIT CATEGORY,M,FJAP
PRICELIST,16439XL,PRODUCT DESCRIPTION 4095,8Q,67,PR,30216,311217,1,20.2118,,,,AWAIT CATEGORY,M,FJAP
PRICELIST,16440XXL,PRODUCT DESCRIPTION 4096,8Q,67,PR,30216,311217,1,21.2118,,,,AWAIT CATEGORY,M,FJAP
PRICELIST,16441S,PRODUCT DESCRIPTION 4097,8Q,67,PR,30216,311217,1,20.2119,,,,AWAIT CATEGORY,M,FJAP
PRICELIST,16442M,PRODUCT DESCRIPTION 4098,8Q,67,PR,30216,311217,1,21.2119,,,,AWAIT CATEGORY,M,FJAP
PRICELIST,16443L,PRODUCT DESCRIPTION 4099,8Q,67,PR,30216,311217,1,20.2120,,,,AWAIT CATEGORY,M,FJAP
PRICELIST,16444XL,PRODUCT DESCRIPTION 4100,8Q,67,PR,30216,311217,1,21.2120,,,,AWAIT CATEGORY,M,FJAP
PRICELIST,16445XXL,PRODUCT DESCRIPTION 4101,8Q,67,PR,30216,311217,1,20.2121,,,,AWAIT CATEGORY,M,FJAP
PRICELIST,16446S,PRODUCT DESCRIPTION 4102,8Q,67,PR,30216,311217,1,21.2121,,,,AWAIT CATEGORY,M,FJAP
PRICELIST,16447M,PRODUCT DESCRIPTION 4103,8Q,67,PR,30216,311217,1,20.2122,,,,AWAIT CATEGORY,M,FJAP
PRICELIST,16448L,PRODUCT DESCRIPTION 4104,8Q,67,PR,30216,311217,1,21.2122,,,,AWAIT CATEGORY,M,FJAP
PRICELIST,16449XL,PRODUCT DESCRIPTION 4105,8Q,67,PR,30216,311217,1,20.2123,,,,AWAIT CATEGORY,M,FJAP
PRICELIST,16450XXL,PRODUCT DESCRIPTION 4106,8Q,67,PR,30216,311217,1,21.2123,,,,AWAIT CATEGORY,M,FJAP
PRICELIST,16451S,PRODUCT DESCRIPTION 4107,8Q,67,PR,30216,311217,1,20.2124,,,,AWAIT CATEGORY,M,FJAP
PRICELIST,16452M,PRODUCT DESCRIPTION 4108,8Q,67,PR,30216,311217,1,21.2124,,,,AWAIT CATEGORY,M,FJAP
PRICELIST,16453L,PRODUCT DESCRIPTION 4109,8Q,67,PR,30216,311217,1,20.2125,,,,AWAIT CATEGORY,M,FJAP
PRICELIST,16454XL,PRODUCT DESCRIPTION 4110,8Q,67,PR,30216,311217,1,21.2125,,,,AWAIT CATEGORY,M,FJAP
PRICELIST,16455XXL,PRODUCT DESCRIPTION 4111,8Q,67,PR,30216,311217,1,20.2126,,,,AWAIT CATEGORY,M,FJAP
PRICELIST,16456S,PRODUCT DESCRIPTION 4112,8Q,67,PR,30216,311217,1,21.2126,,,,AWAIT CATEGORY,M,FJAP
PRICELIST,16457M,PRODUCT DESCRIPTION 4113,8Q,67,PR,30216,311217,1,20.2127,,,,AWAIT CATEGORY,M,FJAP
PRICELIST,16458L,PRODUCT DESCRIPTION 4114,8Q,67,PR,30216,311217,1,21.2127,,,,AWAIT CATEGORY,M,FJAP
PRICELIST,16459XL,PRODUCT DESCRIPTION 4115,8Q,67,PR,30216,311217,1,20.2128,,,,AWAIT CATEGORY,M,FJAP
PRICELIST,16460XXL,PRODUCT DESCRIPTION 4116,8Q,67,PR,30216,311217,1,21.2128,,,,AWAIT CATEGORY,M,FJAP
PRICELIST,16461S,PRODUCT DESCRIPTION 4117,8Q,67,PR,30216,311217,1,20.2129,,,,AWAIT CATEGORY,M,FJAP
PRICELIST,16462M,PRODUCT DESCRIPTION 4118,8Q,67,PR,30216,311217,1,21.2129,,,,AWAIT CATEGORY,M,FJAP
PRICELIST,16463L,PRODUCT DESCRIPTION 4119,8Q,67,PR,30216,311217,1,20.2130,,,,AWAIT CATEGORY,M,FJAP
PRICELIST,16464XL,PRODUCT DESCRIPTION 4120,8Q,67,PR,30216,311217,1,21.2130,,,,AWAIT CATEGORY,M,FJAP
PRICELIST,16465XXL,PRODUCT DESCRIPTION 4121,8Q,67,PR,30216,311217,1,20.2131,,,,AWAIT CATEGORY,M,FJAP
PRICELIST,16466S,PRODUCT DESCRIPTION 4122,8Q,67,PR,30216,311217,1,21.2131,,,,AWAIT CATEGORY,M,FJAP
PRICELIST,16467M,PRODUCT DESCRIPTION 4123,8Q,67,PR,30216,311217,1,20.2132,,,,AWAIT CATEGORY,M,FJAP
PRICELIST,16468L,PRODUCT DESCRIPTION 4124,8Q,67,PR,30216,311217,1,21.2132,,,,AWAIT CATEGORY,M,FJAP
PRICELIST,16469XL,PRODUCT DESCRIPTION 4125,8Q,67,PR,30216,311217,1,20.2133,,,,AWAIT CATEGORY,M,FJAP
PRICELIST,16470XXL,PRODUCT DESCRIPTION 4126,8Q,67,PR,30216,311217,1,21.2133,,,,AWAIT CATEGORY,M,FJAP
PRICELIST,16471S,PRODUCT DESCRIPTION 4127,8Q,67,PR,30216,311217,1,20.2134,,,,AWAIT CATEGORY,M,FJAP
PRICELIST,16472M,PRODUCT DESCRIPTION 4128,8Q,67,PR,30216,311217,1,21.2134,,,,AWAIT CATEGORY,M,FJAP
PRICELIST,16473L,PRODUCT DESCRIPTION 4129,8Q,67,PR,30216,311217,1,20.2135,,,,AWAIT CATEGORY,M,FJAP
PRICELIST,16474XL,PRODUCT DESCRIPTION 4130,8Q,67,PR,30216,311217,1,21.2135,,,,AWAIT CATEGORY,M,FJAP
PRICELIST,16475XXL,PRODUCT DESCRIPTION 4131,8Q,67,PR,30216,311217,1,20.2136,,,,AWAIT CATEGORY,M,FJAP
PRICELIST,16476S,PRODUCT DESCRIPTION 4132,8Q,67,PR,30216,311217,1,21.2136,,,,AWAIT CATEGORY,M,FJAP
PRICELIST,16477M,PRODUCT DESCRIPTION 4133,8Q,67,PR,30216,311217,1,20.2137,,,,AWAIT CATEGORY,M,FJAP
PRICELIST,16478L,PRODUCT DESCRIPTION 4134,8Q,67,PR,30216,311217,1,21.2137,,,,AWAIT CATEGORY,M,FJAP
PRICELIST,16479XL,PRODUCT DESCRIPTION 4135,8Q,67,PR,30216,311217,1,20.2138,,,,AWAIT CATEGORY,M,FJAP
PRICELIST,16480XXL,PRODUCT DESCRIPTION 4136,8Q,67,PR,30216,311217,1,21.2138,,,,AWAIT CATEGORY,M,FJAP
PRICELIST,16481S,PRODUCT DESCRIPTION 4137,8Q,67,PR,30216,311217,1,20.2139,,,,AWAIT CATEGORY,M,FJAP
PRICELIST,16482M,PRODUCT DESCRIPTION 4138,8Q,67,PR,30216,311217,1,21.2139,,,,AWAIT CATEGORY,M,FJAP
PRICELIST,16483L,PRODUCT DESCRIPTION 4139,8Q,67,PR,30216,311217,1,20.2140,,,,AWAIT CATEGORY,M,FJAP
PRICELIST,16484XL,PRODUCT DESCRIPTION 4140,8Q,67,PR,30216,311217,1,21.2140,,,,AWAIT CATEGORY,M,FJAP
PRICELIST,16485XXL,PRODUCT DESCRIPTION 4141,8Q,67,PR,30216,311217,1,20.2141,,,,AWAIT CATEGORY,M,FJAP
PRICELIST,16486S,PRODUCT DESCRIPTION 4142,8Q,67,PR,30216,311217,1,21.2141,,,,AWAIT CATEGORY,M,FJAP
PRICELIST,16487M,PRODUCT DESCRIPTION 4143,8Q,67,PR,30216,311217,1,20.2142,,,,AWAIT CATEGORY,M,FJAP
PRICELIST,16488L,PRODUCT DESCRIPTION 4144,8Q,67,PR,30216,311217,1,21.2142,,,,AWAIT CATEGORY,M,FJAP
PRICELIST,16489XL,PRODUCT DESCRIPTION 4145,8Q,67,PR,30216,311217,1,20.2143,,,,AWAIT CATEGORY,M,FJAP
PRICELIST,16490XXL,PRODUCT DESCRIPTION 4146,8Q,67,PR,30216,311217,1,21.2143,,,,AWAIT CATEGORY,M,FJAP
PRICELIST,16491S,PRODUCT DESCRIPTION 4147,8Q,67,PR,30216,311217,1,20.2144,,,,AWAIT CATEGORY,M,FJAP
PRICELIST,16492M,PRODUCT DESCRIPTION 4148,8Q,67,PR,30216,311217,1,21.2144,,,,AWAIT CATEGORY,M,FJAP
PRICELIST,16493L,PRODUCT DESCRIPTION 4149,8Q,67,PR,30216,311217,1,20.2145,,,,AWAIT CATEGORY,M,FJAP
PRICELIST,16494XL,PRODUCT DESCRIPTION 4150,8Q,67,PR,30216,311217,1,21.2145,,,,AWAIT CATEGORY,M,FJAP
PRICELIST,16495XXL,PRODUCT DESCRIPTION 4151,8Q,67,PR,30216,311217,1,20.2146,,,,AWAIT CATEGORY,M,FJAP
PRICELIST,16496S,PRODUCT DESCRIPTION 4152,8Q,67,PR,30216,311217,1,21.2146,,,,AWAIT CATEGORY,M,FJAP
PRICELIST,16497M,PRODUCT DESCRIPTION 4153,8Q,67,PR,30216,311217,1,20.2147,,,,AWAIT CATEGORY,M,FJAP
PRICELIST,16498L,PRODUCT DESCRIPTION 4154,8Q,67,PR,30216,311217,1,21.2147,,,,AWAIT CATEGORY,M,FJAP
PRICELIST,16499XL,PRODUCT DESCRIPTION 4155,8Q,67,PR,30216,311217,1,20.2148,,,,AWAIT CATEGORY,M,FJAP
PRICELIST,16500XXL,PRODUCT DESCRIPTION 4156,8Q,67,PR,30216,311217,1,21.2148,,,,AWAIT CATEGORY,M,FJAP
PRICELIST,16501S,PRODUCT DESCRIPTION 4157,8Q,67,PR,30216,311217,1,20.2149,,,,AWAIT CATEGORY,M,FJAP
PRICELIST,16502M,PRODUCT DESCRIPTION 4158,8Q,67,PR,30216,311217,1,21.2149,,,,AWAIT CATEGORY,M,FJAP
PRICELIST,16503L,PRODUCT DESCRIPTION 4159,8Q,67,PR,30216,311217,1,20.2150,,,,AWAIT CATEGORY,M,FJAP
PRICELIST,16504XL,PRODUCT DESCRIPTION 4160,8Q,67,PR,30216,311217,1,21.2150,,,,AWAIT CATEGORY,M,FJAP
PRICELIST,16505XXL,PRODUCT DESCRIPTION 4161,8Q,67,PR,30216,311217,1,20.2151,,,,AWAIT CATEGORY,M,FJAP
PRICELIST,16506S,PRODUCT DESCRIPTION 4162,8Q,67,PR,30216,311217,1,21.2151,,,,AWAIT CATEGORY,C,FJAP
PRICELIST,16507M,PRODUCT DESCRIPTION 4163,8M,67,EA,30216,311217,1,20.2152,,,,AWAIT CATEGORY,M,FJAP
PRICELIST,16508L,PRODUCT DESCRIPTION 4164,8M,67,EA,30216,311217,1,21.2152,,,,AWAIT CATEGORY,M,FJAP
PRICELIST,16509XL,PRODUCT DESCRIPTION 4165,8M,67,EA,30216,311217,1,20.2153,,,,AWAIT CATEGORY,M,FJAP
PRICELIST,16510XXL,PRODUCT DESCRIPTION 4166,8M,67,EA,30216,311217,1,21.2153,,,,AWAIT CATEGORY,M,FJAP
PRICELIST,16511S,PRODUCT DESCRIPTION 4167,8M,67,EA,30216,311217,1,20.2154,,,,AWAIT CATEGORY,M,FJAP
PRICELIST,16512M,PRODUCT DESCRIPTION 4168,8O,67,EA,30216,311217,1,21.2154,,,,AWAIT CATEGORY,C,FJAP
PRICELIST,16513L,PRODUCT DESCRIPTION 4169,8O,67,EA,30216,311217,1,20.2155,,,,AWAIT CATEGORY,C,FJAP
PRICELIST,16514XL,PRODUCT DESCRIPTION 4170,8O,67,EA,30216,311217,1,21.2155,,,,AWAIT CATEGORY,M,FJAP
PRICELIST,16515XXL,PRODUCT DESCRIPTION 4171,8M,67,EA,30216,311217,1,20.2156,,,,AWAIT CATEGORY,M,FJAP
PRICELIST,16516S,PRODUCT DESCRIPTION 4172,8Q,67,PR,30216,311217,1,21.2156,,,,AWAIT CATEGORY,C,FJAP
PRICELIST,16517M,PRODUCT DESCRIPTION 4173,8Q,67,PR,30216,311217,1,20.2157,,,,AWAIT CATEGORY,C,FJAP
PRICELIST,16518L,PRODUCT DESCRIPTION 4174,91,60,PR,30216,311217,1,21.2157,,,,AWAIT CATEGORY,M,FJ1
PRICELIST,16519XL,PRODUCT DESCRIPTION 4175,91,60,PR,30216,311217,1,20.2158,,,,AWAIT CATEGORY,M,FJ1
PRICELIST,16520XXL,PRODUCT DESCRIPTION 4176,91,60,PR,30216,311217,1,21.2158,,,,AWAIT CATEGORY,M,FJ1
PRICELIST,16521S,PRODUCT DESCRIPTION 4177,91,60,PR,30216,311217,1,20.2159,,,,AWAIT CATEGORY,M,FJ1
PRICELIST,16522M,PRODUCT DESCRIPTION 4178,91,60,PR,30216,311217,1,21.2159,,,,AWAIT CATEGORY,M,FJ1
PRICELIST,16523L,PRODUCT DESCRIPTION 4179,91,60,PR,30216,311217,1,20.2160,,,,AWAIT CATEGORY,M,FJ1
PRICELIST,16524XL,PRODUCT DESCRIPTION 4180,91,60,PR,30216,311217,1,21.2160,,,,AWAIT CATEGORY,M,FJ1
PRICELIST,16525XXL,PRODUCT DESCRIPTION 4181,91,60,PR,30216,311217,1,20.2161,,,,AWAIT CATEGORY,M,FJ1
PRICELIST,16526S,PRODUCT DESCRIPTION 4182,91,60,PR,30216,311217,1,21.2161,,,,AWAIT CATEGORY,M,FJ1
PRICELIST,16527M,PRODUCT DESCRIPTION 4183,91,60,PR,30216,311217,1,20.2162,,,,AWAIT CATEGORY,M,FJ1
PRICELIST,16528L,PRODUCT DESCRIPTION 4184,91,60,PR,30216,311217,1,21.2162,,,,AWAIT CATEGORY,M,FJ1
PRICELIST,16529XL,PRODUCT DESCRIPTION 4185,91,60,PR,30216,311217,1,20.2163,,,,AWAIT CATEGORY,M,FJ1
PRICELIST,16530XXL,PRODUCT DESCRIPTION 4186,91,60,PR,30216,311217,1,21.2163,,,,AWAIT CATEGORY,M,FJ1
PRICELIST,16531S,PRODUCT DESCRIPTION 4187,91,60,PR,30216,311217,1,20.2164,,,,AWAIT CATEGORY,M,FJ1
PRICELIST,16532M,PRODUCT DESCRIPTION 4188,91,60,PR,30216,311217,1,21.2164,,,,AWAIT CATEGORY,M,FJ1
PRICELIST,16533L,PRODUCT DESCRIPTION 4189,91,60,PR,30216,311217,1,20.2165,,,,AWAIT CATEGORY,M,FJ1
PRICELIST,16534XL,PRODUCT DESCRIPTION 4190,91,60,PR,30216,311217,1,21.2165,,,,AWAIT CATEGORY,M,FJ1
PRICELIST,16535XXL,PRODUCT DESCRIPTION 4191,91,60,PR,30216,311217,1,20.2166,,,,AWAIT CATEGORY,M,FJ1
PRICELIST,16536S,PRODUCT DESCRIPTION 4192,91,60,PR,30216,311217,1,21.2166,,,,AWAIT CATEGORY,M,FJ1
PRICELIST,16537M,PRODUCT DESCRIPTION 4193,92,60,PR,30216,311217,1,20.2167,,,,AWAIT CATEGORY,M,FJ1
PRICELIST,16538L,PRODUCT DESCRIPTION 4194,92,60,PR,30216,311217,1,21.2167,,,,AWAIT CATEGORY,C,FJ1
PRICELIST,16539XL,PRODUCT DESCRIPTION 4195,92,60,PR,30216,311217,1,20.2168,,,,AWAIT CATEGORY,C,FJ1
PRICELIST,16540XXL,PRODUCT DESCRIPTION 4196,92,60,PR,30216,311217,1,21.2168,,,,AWAIT CATEGORY,C,FJ1
PRICELIST,16541S,PRODUCT DESCRIPTION 4197,92,60,PR,30216,311217,1,20.2169,,,,AWAIT CATEGORY,C,FJ1
PRICELIST,16542M,PRODUCT DESCRIPTION 4198,92,60,PR,30216,311217,1,21.2169,,,,AWAIT CATEGORY,C,FJ1
PRICELIST,16543L,PRODUCT DESCRIPTION 4199,92,60,PR,30216,311217,1,20.2170,,,,AWAIT CATEGORY,C,FJ1
PRICELIST,16544XL,PRODUCT DESCRIPTION 4200,92,60,PR,30216,311217,1,21.2170,,,,AWAIT CATEGORY,C,FJ1
PRICELIST,16545XXL,PRODUCT DESCRIPTION 4201,92,60,PR,30216,311217,1,20.2171,,,,AWAIT CATEGORY,C,FJ1
PRICELIST,16546S,PRODUCT DESCRIPTION 4202,92,60,PR,30216,311217,1,21.2171,,,,AWAIT CATEGORY,C,FJ1
PRICELIST,16547M,PRODUCT DESCRIPTION 4203,92,60,PR,30216,311217,1,20.2172,,,,AWAIT CATEGORY,C,FJ1
PRICELIST,16548L,PRODUCT DESCRIPTION 4204,92,60,PR,30216,311217,1,21.2172,,,,AWAIT CATEGORY,C,FJ1
PRICELIST,16549XL,PRODUCT DESCRIPTION 4205,92,60,PR,30216,311217,1,20.2173,,,,AWAIT CATEGORY,C,FJ1
PRICELIST,16550XXL,PRODUCT DESCRIPTION 4206,92,60,PR,30216,311217,1,21.2173,,,,AWAIT CATEGORY,C,FJ1
PRICELIST,16551S,PRODUCT DESCRIPTION 4207,92,60,PR,30216,311217,1,20.2174,,,,AWAIT CATEGORY,C,FJ1
PRICELIST,16552M,PRODUCT DESCRIPTION 4208,92,60,PR,30216,311217,1,21.2174,,,,AWAIT CATEGORY,C,FJ1
PRICELIST,16553L,PRODUCT DESCRIPTION 4209,92,60,PR,30216,311217,1,20.2175,,,,AWAIT CATEGORY,C,FJ1
PRICELIST,16554XL,PRODUCT DESCRIPTION 4210,92,60,PR,30216,311217,1,21.2175,,,,AWAIT CATEGORY,C,FJ1
PRICELIST,16555XXL,PRODUCT DESCRIPTION 4211,92,60,PR,30216,311217,1,20.2176,,,,AWAIT CATEGORY,C,FJ1
PRICELIST,16556S,PRODUCT DESCRIPTION 4212,92,60,PR,30216,311217,1,21.2176,,,,AWAIT CATEGORY,M,FJ1
PRICELIST,16557M,PRODUCT DESCRIPTION 4213,92,60,PR,30216,311217,1,20.2177,,,,AWAIT CATEGORY,M,FJ1
PRICELIST,16558L,PRODUCT DESCRIPTION 4214,92,60,PR,30216,311217,1,21.2177,,,,AWAIT CATEGORY,M,FJ1
PRICELIST,16559XL,PRODUCT DESCRIPTION 4215,92,60,PR,30216,311217,1,20.2178,,,,AWAIT CATEGORY,M,FJ1
PRICELIST,16560XXL,PRODUCT DESCRIPTION 4216,92,60,PR,30216,311217,1,21.2178,,,,AWAIT CATEGORY,M,FJ1
PRICELIST,16561S,PRODUCT DESCRIPTION 4217,92,60,PR,30216,311217,1,20.2179,,,,AWAIT CATEGORY,M,FJ1
PRICELIST,16562M,PRODUCT DESCRIPTION 4218,92,60,PR,30216,311217,1,21.2179,,,,AWAIT CATEGORY,M,FJ1
PRICELIST,16563L,PRODUCT DESCRIPTION 4219,92,60,PR,30216,311217,1,20.2180,,,,AWAIT CATEGORY,M,FJ1
PRICELIST,16564XL,PRODUCT DESCRIPTION 4220,92,60,PR,30216,311217,1,21.2180,,,,AWAIT CATEGORY,M,FJ1
PRICELIST,16565XXL,PRODUCT DESCRIPTION 4221,92,60,PR,30216,311217,1,20.2181,,,,AWAIT CATEGORY,M,FJ1
PRICELIST,16566S,PRODUCT DESCRIPTION 4222,92,60,PR,30216,311217,1,21.2181,,,,AWAIT CATEGORY,M,FJ1
PRICELIST,16567M,PRODUCT DESCRIPTION 4223,92,60,PR,30216,311217,1,20.2182,,,,AWAIT CATEGORY,M,FJ1
PRICELIST,16568L,PRODUCT DESCRIPTION 4224,92,60,PR,30216,311217,1,21.2182,,,,AWAIT CATEGORY,M,FJ1
PRICELIST,16569XL,PRODUCT DESCRIPTION 4225,92,60,PR,30216,311217,1,20.2183,,,,AWAIT CATEGORY,M,FJ1
PRICELIST,16570XXL,PRODUCT DESCRIPTION 4226,92,60,PR,30216,311217,1,21.2183,,,,AWAIT CATEGORY,M,FJ1
PRICELIST,16571S,PRODUCT DESCRIPTION 4227,92,60,PR,30216,311217,1,20.2184,,,,AWAIT CATEGORY,M,FJ1
PRICELIST,16572M,PRODUCT DESCRIPTION 4228,92,60,PR,30216,311217,1,21.2184,,,,AWAIT CATEGORY,M,FJ1
PRICELIST,16573L,PRODUCT DESCRIPTION 4229,92,60,PR,30216,311217,1,20.2185,,,,AWAIT CATEGORY,M,FJ1
PRICELIST,16574XL,PRODUCT DESCRIPTION 4230,92,60,PR,30216,311217,1,21.2185,,,,AWAIT CATEGORY,C,FJ1
PRICELIST,16575XXL,PRODUCT DESCRIPTION 4231,92,60,PR,30216,311217,1,20.2186,,,,AWAIT CATEGORY,C,FJ1
PRICELIST,16576S,PRODUCT DESCRIPTION 4232,92,60,PR,30216,311217,1,21.2186,,,,AWAIT CATEGORY,C,FJ1
PRICELIST,16577M,PRODUCT DESCRIPTION 4233,92,60,PR,30216,311217,1,20.2187,,,,AWAIT CATEGORY,C,FJ1
PRICELIST,16578L,PRODUCT DESCRIPTION 4234,92,60,PR,30216,311217,1,21.2187,,,,AWAIT CATEGORY,C,FJ1
PRICELIST,16579XL,PRODUCT DESCRIPTION 4235,92,60,PR,30216,311217,1,20.2188,,,,AWAIT CATEGORY,C,FJ1
PRICELIST,16580XXL,PRODUCT DESCRIPTION 4236,92,60,PR,30216,311217,1,21.2188,,,,AWAIT CATEGORY,C,FJ1
PRICELIST,16581S,PRODUCT DESCRIPTION 4237,92,60,PR,30216,311217,1,20.2189,,,,AWAIT CATEGORY,C,FJ1
PRICELIST,16582M,PRODUCT DESCRIPTION 4238,92,60,PR,30216,311217,1,21.2189,,,,AWAIT CATEGORY,C,FJ1
PRICELIST,16583L,PRODUCT DESCRIPTION 4239,92,60,PR,30216,311217,1,20.2190,,,,AWAIT CATEGORY,C,FJ1
PRICELIST,16584XL,PRODUCT DESCRIPTION 4240,92,60,PR,30216,311217,1,21.2190,,,,AWAIT CATEGORY,C,FJ1
PRICELIST,16585XXL,PRODUCT DESCRIPTION 4241,92,60,PR,30216,311217,1,20.2191,,,,AWAIT CATEGORY,C,FJ1
PRICELIST,16586S,PRODUCT DESCRIPTION 4242,92,60,PR,30216,311217,1,21.2191,,,,AWAIT CATEGORY,C,FJ1
PRICELIST,16587M,PRODUCT DESCRIPTION 4243,92,60,PR,30216,311217,1,20.2192,,,,AWAIT CATEGORY,C,FJ1
PRICELIST,16588L,PRODUCT DESCRIPTION 4244,92,60,PR,30216,311217,1,21.2192,,,,AWAIT CATEGORY,C,FJ1
PRICELIST,16589XL,PRODUCT DESCRIPTION 4245,92,60,PR,30216,311217,1,20.2193,,,,AWAIT CATEGORY,C,FJ1
PRICELIST,16590S,PRODUCT DESCRIPTION 4246,92,60,PR,30216,311217,1,21.2193,,,,AWAIT CATEGORY,C,FJ1
PRICELIST,16591M,PRODUCT DESCRIPTION 4247,93,60,PR,30216,311217,1,20.2194,,,,AWAIT CATEGORY,M,FJ1
PRICELIST,16592L,PRODUCT DESCRIPTION 4248,93,60,PR,30216,311217,1,21.2194,,,,AWAIT CATEGORY,M,FJ1
PRICELIST,16593XL,PRODUCT DESCRIPTION 4249,93,60,PR,30216,311217,1,20.2195,,,,AWAIT CATEGORY,M,FJ1
PRICELIST,16594XXL,PRODUCT DESCRIPTION 4250,93,60,PR,30216,311217,1,21.2195,,,,AWAIT CATEGORY,M,FJ1
PRICELIST,16595S,PRODUCT DESCRIPTION 4251,93,60,PR,30216,311217,1,20.2196,,,,AWAIT CATEGORY,M,FJ1
PRICELIST,16596M,PRODUCT DESCRIPTION 4252,93,60,PR,30216,311217,1,21.2196,,,,AWAIT CATEGORY,M,FJ1
PRICELIST,16597L,PRODUCT DESCRIPTION 4253,93,60,PR,30216,311217,1,20.2197,,,,AWAIT CATEGORY,M,FJ1
PRICELIST,16598XL,PRODUCT DESCRIPTION 4254,93,60,PR,30216,311217,1,21.2197,,,,AWAIT CATEGORY,M,FJ1
PRICELIST,16599XXL,PRODUCT DESCRIPTION 4255,93,60,PR,30216,311217,1,20.2198,,,,AWAIT CATEGORY,M,FJ1
PRICELIST,16600S,PRODUCT DESCRIPTION 4256,93,60,PR,30216,311217,1,21.2198,,,,AWAIT CATEGORY,M,FJ1
PRICELIST,16601M,PRODUCT DESCRIPTION 4257,93,60,PR,30216,311217,1,20.2199,,,,AWAIT CATEGORY,M,FJ1
PRICELIST,16602L,PRODUCT DESCRIPTION 4258,93,60,PR,30216,311217,1,21.2199,,,,AWAIT CATEGORY,M,FJ1
PRICELIST,16603XL,PRODUCT DESCRIPTION 4259,93,60,PR,30216,311217,1,20.2200,,,,AWAIT CATEGORY,M,FJ1
PRICELIST,16604XXL,PRODUCT DESCRIPTION 4260,93,60,PR,30216,311217,1,21.2200,,,,AWAIT CATEGORY,M,FJ1
PRICELIST,16605S,PRODUCT DESCRIPTION 4261,93,60,PR,30216,311217,1,20.2201,,,,AWAIT CATEGORY,M,FJ1
PRICELIST,16606M,PRODUCT DESCRIPTION 4262,93,60,PR,30216,311217,1,21.2201,,,,AWAIT CATEGORY,M,FJ1
PRICELIST,16607L,PRODUCT DESCRIPTION 4263,93,60,PR,30216,311217,1,20.2202,,,,AWAIT CATEGORY,M,FJ1
PRICELIST,16608XL,PRODUCT DESCRIPTION 4264,93,60,PR,30216,311217,1,21.2202,,,,AWAIT CATEGORY,M,FJ1
PRICELIST,16609XXL,PRODUCT DESCRIPTION 4265,93,60,PR,30216,311217,1,20.2203,,,,AWAIT CATEGORY,M,FJ1
PRICELIST,16610S,PRODUCT DESCRIPTION 4266,93,60,PR,30216,311217,1,21.2203,,,,AWAIT CATEGORY,M,FJ1
PRICELIST,16611M,PRODUCT DESCRIPTION 4267,93,60,PR,30216,311217,1,20.2204,,,,AWAIT CATEGORY,M,FJ1
PRICELIST,16612L,PRODUCT DESCRIPTION 4268,93,60,PR,30216,311217,1,21.2204,,,,AWAIT CATEGORY,M,FJ1
PRICELIST,16613XL,PRODUCT DESCRIPTION 4269,93,60,PR,30216,311217,1,20.2205,,,,AWAIT CATEGORY,M,FJ1
PRICELIST,16614XXL,PRODUCT DESCRIPTION 4270,93,60,PR,30216,311217,1,21.2205,,,,AWAIT CATEGORY,M,FJ1
PRICELIST,16615S,PRODUCT DESCRIPTION 4271,93,60,PR,30216,311217,1,20.2206,,,,AWAIT CATEGORY,M,FJ1
PRICELIST,16616M,PRODUCT DESCRIPTION 4272,93,60,PR,30216,311217,1,21.2206,,,,AWAIT CATEGORY,M,FJ1
PRICELIST,16617L,PRODUCT DESCRIPTION 4273,93,60,PR,30216,311217,1,20.2207,,,,AWAIT CATEGORY,M,FJ1
PRICELIST,16618XL,PRODUCT DESCRIPTION 4274,93,60,PR,30216,311217,1,21.2207,,,,AWAIT CATEGORY,M,FJ1
PRICELIST,16619XXL,PRODUCT DESCRIPTION 4275,93,60,PR,30216,311217,1,20.2208,,,,AWAIT CATEGORY,M,FJ1
PRICELIST,16620S,PRODUCT DESCRIPTION 4276,93,60,PR,30216,311217,1,21.2208,,,,AWAIT CATEGORY,M,FJ1
PRICELIST,16621M,PRODUCT DESCRIPTION 4277,93,60,PR,30216,311217,1,20.2209,,,,AWAIT CATEGORY,M,FJ1
PRICELIST,16622L,PRODUCT DESCRIPTION 4278,93,60,PR,30216,311217,1,21.2209,,,,AWAIT CATEGORY,M,FJ1
PRICELIST,16623XL,PRODUCT DESCRIPTION 4279,93,60,PR,30216,311217,1,20.2210,,,,AWAIT CATEGORY,M,FJ1
PRICELIST,16624XXL,PRODUCT DESCRIPTION 4280,93,60,PR,30216,311217,1,21.2210,,,,AWAIT CATEGORY,M,FJ1
PRICELIST,16625S,PRODUCT DESCRIPTION 4281,93,60,PR,30216,311217,1,20.2211,,,,AWAIT CATEGORY,M,FJ1
PRICELIST,16626M,PRODUCT DESCRIPTION 4282,93,60,PR,30216,311217,1,21.2211,,,,AWAIT CATEGORY,M,FJ1
PRICELIST,16627L,PRODUCT DESCRIPTION 4283,93,60,PR,30216,311217,1,20.2212,,,,AWAIT CATEGORY,C,FJ1
PRICELIST,16628XL,PRODUCT DESCRIPTION 4284,93,60,PR,30216,311217,1,21.2212,,,,AWAIT CATEGORY,M,FJ1
PRICELIST,16629XXL,PRODUCT DESCRIPTION 4285,93,60,PR,30216,311217,1,20.2213,,,,AWAIT CATEGORY,C,FJ1
PRICELIST,16630S,PRODUCT DESCRIPTION 4286,93,60,PR,30216,311217,1,21.2213,,,,AWAIT CATEGORY,M,FJ1
PRICELIST,16631M,PRODUCT DESCRIPTION 4287,93,60,PR,30216,311217,1,20.2214,,,,AWAIT CATEGORY,C,FJ1
PRICELIST,16632L,PRODUCT DESCRIPTION 4288,93,60,PR,30216,311217,1,21.2214,,,,AWAIT CATEGORY,M,FJ1
PRICELIST,16633XL,PRODUCT DESCRIPTION 4289,93,60,PR,30216,311217,1,20.2215,,,,AWAIT CATEGORY,C,FJ1
PRICELIST,16634XXL,PRODUCT DESCRIPTION 4290,93,60,PR,30216,311217,1,21.2215,,,,AWAIT CATEGORY,M,FJ1
PRICELIST,16635S,PRODUCT DESCRIPTION 4291,93,60,PR,30216,311217,1,20.2216,,,,AWAIT CATEGORY,C,FJ1
PRICELIST,16636M,PRODUCT DESCRIPTION 4292,90,60,PR,30216,311217,1,21.2216,,,,AWAIT CATEGORY,C,FJ1
PRICELIST,16637L,PRODUCT DESCRIPTION 4293,90,60,PR,30216,311217,1,20.2217,,,,AWAIT CATEGORY,C,FJ1
PRICELIST,16638XL,PRODUCT DESCRIPTION 4294,90,60,PR,30216,311217,1,21.2217,,,,AWAIT CATEGORY,C,FJ1
PRICELIST,16639XXL,PRODUCT DESCRIPTION 4295,90,60,PR,30216,311217,1,20.2218,,,,AWAIT CATEGORY,C,FJ1
PRICELIST,16640S,PRODUCT DESCRIPTION 4296,90,60,PR,30216,311217,1,21.2218,,,,AWAIT CATEGORY,C,FJ1
PRICELIST,16641M,PRODUCT DESCRIPTION 4297,90,60,PR,30216,311217,1,20.2219,,,,AWAIT CATEGORY,C,FJ1
PRICELIST,16642L,PRODUCT DESCRIPTION 4298,90,60,PR,30216,311217,1,21.2219,,,,AWAIT CATEGORY,C,FJ1
PRICELIST,16643XL,PRODUCT DESCRIPTION 4299,90,60,PR,30216,311217,1,20.2220,,,,AWAIT CATEGORY,C,FJ1
PRICELIST,16644XXL,PRODUCT DESCRIPTION 4300,90,60,PR,30216,311217,1,21.2220,,,,AWAIT CATEGORY,C,FJ1
PRICELIST,16645S,PRODUCT DESCRIPTION 4301,90,60,PR,30216,311217,1,20.2221,,,,AWAIT CATEGORY,C,FJ1
PRICELIST,16646M,PRODUCT DESCRIPTION 4302,90,60,PR,30216,311217,1,21.2221,,,,AWAIT CATEGORY,C,FJ1
PRICELIST,16647L,PRODUCT DESCRIPTION 4303,90,60,PR,30216,311217,1,20.2222,,,,AWAIT CATEGORY,C,FJ1
PRICELIST,16648XL,PRODUCT DESCRIPTION 4304,90,60,PR,30216,311217,1,21.2222,,,,AWAIT CATEGORY,C,FJ1
PRICELIST,16649XXL,PRODUCT DESCRIPTION 4305,90,60,PR,30216,311217,1,20.2223,,,,AWAIT CATEGORY,C,FJ1
PRICELIST,16650S,PRODUCT DESCRIPTION 4306,90,60,PR,30216,311217,1,21.2223,,,,AWAIT CATEGORY,C,FJ1
PRICELIST,16651M,PRODUCT DESCRIPTION 4307,90,60,PR,30216,311217,1,20.2224,,,,AWAIT CATEGORY,C,FJ1
PRICELIST,16652L,PRODUCT DESCRIPTION 4308,90,60,PR,30216,311217,1,21.2224,,,,AWAIT CATEGORY,C,FJ1
PRICELIST,16653XL,PRODUCT DESCRIPTION 4309,90,60,PR,30216,311217,1,20.2225,,,,AWAIT CATEGORY,C,FJ1
PRICELIST,16654XXL,PRODUCT DESCRIPTION 4310,90,60,PR,30216,311217,1,21.2225,,,,AWAIT CATEGORY,M,FJ1
PRICELIST,16655S,PRODUCT DESCRIPTION 4311,90,60,PR,30216,311217,1,20.2226,,,,AWAIT CATEGORY,M,FJ1
PRICELIST,16656M,PRODUCT DESCRIPTION 4312,90,60,PR,30216,311217,1,21.2226,,,,AWAIT CATEGORY,M,FJ1
PRICELIST,16657L,PRODUCT DESCRIPTION 4313,90,60,PR,30216,311217,1,20.2227,,,,AWAIT CATEGORY,M,FJ1
PRICELIST,16658XL,PRODUCT DESCRIPTION 4314,90,60,PR,30216,311217,1,21.2227,,,,AWAIT CATEGORY,M,FJ1
PRICELIST,16659XXL,PRODUCT DESCRIPTION 4315,90,60,PR,30216,311217,1,20.2228,,,,AWAIT CATEGORY,M,FJ1
PRICELIST,16660S,PRODUCT DESCRIPTION 4316,90,60,PR,30216,311217,1,21.2228,,,,AWAIT CATEGORY,M,FJ1
PRICELIST,16661M,PRODUCT DESCRIPTION 4317,90,60,PR,30216,311217,1,20.2229,,,,AWAIT CATEGORY,M,FJ1
PRICELIST,16662L,PRODUCT DESCRIPTION 4318,90,60,PR,30216,311217,1,21.2229,,,,AWAIT CATEGORY,M,FJ1
PRICELIST,16663XL,PRODUCT DESCRIPTION 4319,90,60,PR,30216,311217,1,20.2230,,,,AWAIT CATEGORY,M,FJ1
PRICELIST,16664XXL,PRODUCT DESCRIPTION 4320,90,60,PR,30216,311217,1,21.2230,,,,AWAIT CATEGORY,C,FJ1
PRICELIST,16665S,PRODUCT DESCRIPTION 4321,90,60,PR,30216,311217,1,20.2231,,,,AWAIT CATEGORY,M,FJ1
PRICELIST,16666M,PRODUCT DESCRIPTION 4322,90,60,PR,30216,311217,1,21.2231,,,,AWAIT CATEGORY,C,FJ1
PRICELIST,16667L,PRODUCT DESCRIPTION 4323,90,60,PR,30216,311217,1,20.2232,,,,AWAIT CATEGORY,M,FJ1
PRICELIST,16668XL,PRODUCT DESCRIPTION 4324,90,60,PR,30216,311217,1,21.2232,,,,AWAIT CATEGORY,C,FJ1
PRICELIST,16669XXL,PRODUCT DESCRIPTION 4325,90,60,PR,30216,311217,1,20.2233,,,,AWAIT CATEGORY,M,FJ1
PRICELIST,16670S,PRODUCT DESCRIPTION 4326,90,60,PR,30216,311217,1,21.2233,,,,AWAIT CATEGORY,C,FJ1
PRICELIST,16671M,PRODUCT DESCRIPTION 4327,90,60,PR,30216,311217,1,20.2234,,,,AWAIT CATEGORY,M,FJ1
PRICELIST,16672L,PRODUCT DESCRIPTION 4328,90,60,PR,30216,311217,1,21.2234,,,,AWAIT CATEGORY,C,FJ1
PRICELIST,16673XL,PRODUCT DESCRIPTION 4329,90,60,PR,30216,311217,1,20.2235,,,,AWAIT CATEGORY,M,FJ1
PRICELIST,16674XXL,PRODUCT DESCRIPTION 4330,90,60,PR,30216,311217,1,21.2235,,,,AWAIT CATEGORY,C,FJ1
PRICELIST,16675S,PRODUCT DESCRIPTION 4331,90,60,PR,30216,311217,1,20.2236,,,,AWAIT CATEGORY,M,FJ1
PRICELIST,16676M,PRODUCT DESCRIPTION 4332,90,60,PR,30216,311217,1,21.2236,,,,AWAIT CATEGORY,C,FJ1
PRICELIST,16677L,PRODUCT DESCRIPTION 4333,90,60,PR,30216,311217,1,20.2237,,,,AWAIT CATEGORY,M,FJ1
PRICELIST,16678XL,PRODUCT DESCRIPTION 4334,90,60,PR,30216,311217,1,21.2237,,,,AWAIT CATEGORY,C,FJ1
PRICELIST,16679XXL,PRODUCT DESCRIPTION 4335,90,60,PR,30216,311217,1,20.2238,,,,AWAIT CATEGORY,M,FJ1
PRICELIST,16680S,PRODUCT DESCRIPTION 4336,90,60,PR,30216,311217,1,21.2238,,,,AWAIT CATEGORY,C,FJ1
PRICELIST,16681M,PRODUCT DESCRIPTION 4337,90,60,PR,30216,311217,1,20.2239,,,,AWAIT CATEGORY,M,FJ1
PRICELIST,16682L,PRODUCT DESCRIPTION 4338,90,60,PR,30216,311217,1,21.2239,,,,AWAIT CATEGORY,M,FJ1
PRICELIST,16683XL,PRODUCT DESCRIPTION 4339,90,60,PR,30216,311217,1,20.2240,,,,AWAIT CATEGORY,M,FJ1
PRICELIST,16684XXL,PRODUCT DESCRIPTION 4340,91,60,PR,30216,311217,1,21.2240,,,,AWAIT CATEGORY,C,FJ1
PRICELIST,16685S,PRODUCT DESCRIPTION 4341,91,60,PR,30216,311217,1,20.2241,,,,AWAIT CATEGORY,C,FJ1
PRICELIST,16686M,PRODUCT DESCRIPTION 4342,91,60,PR,30216,311217,1,21.2241,,,,AWAIT CATEGORY,C,FJ1
PRICELIST,16687L,PRODUCT DESCRIPTION 4343,91,60,PR,30216,311217,1,20.2242,,,,AWAIT CATEGORY,C,FJ1
PRICELIST,16688XL,PRODUCT DESCRIPTION 4344,91,60,PR,30216,311217,1,21.2242,,,,AWAIT CATEGORY,C,FJ1
PRICELIST,16689XXL,PRODUCT DESCRIPTION 4345,91,60,PR,30216,311217,1,20.2243,,,,AWAIT CATEGORY,C,FJ1
PRICELIST,16690S,PRODUCT DESCRIPTION 4346,91,60,PR,30216,311217,1,21.2243,,,,AWAIT CATEGORY,C,FJ1
PRICELIST,16691M,PRODUCT DESCRIPTION 4347,91,60,PR,30216,311217,1,20.2244,,,,AWAIT CATEGORY,C,FJ1
PRICELIST,16692L,PRODUCT DESCRIPTION 4348,91,60,PR,30216,311217,1,21.2244,,,,AWAIT CATEGORY,C,FJ1
PRICELIST,16693XL,PRODUCT DESCRIPTION 4349,91,60,PR,30216,311217,1,20.2245,,,,AWAIT CATEGORY,C,FJ1
PRICELIST,16694XXL,PRODUCT DESCRIPTION 4350,91,60,PR,30216,311217,1,21.2245,,,,AWAIT CATEGORY,C,FJ1
PRICELIST,16695S,PRODUCT DESCRIPTION 4351,91,60,PR,30216,311217,1,20.2246,,,,AWAIT CATEGORY,C,FJ1
PRICELIST,16696M,PRODUCT DESCRIPTION 4352,91,60,PR,30216,311217,1,21.2246,,,,AWAIT CATEGORY,C,FJ1
PRICELIST,16697L,PRODUCT DESCRIPTION 4353,91,60,PR,30216,311217,1,20.2247,,,,AWAIT CATEGORY,C,FJ1
PRICELIST,16698XL,PRODUCT DESCRIPTION 4354,91,60,PR,30216,311217,1,21.2247,,,,AWAIT CATEGORY,C,FJ1
PRICELIST,16699XXL,PRODUCT DESCRIPTION 4355,91,60,PR,30216,311217,1,20.2248,,,,AWAIT CATEGORY,C,FJ1
PRICELIST,16700S,PRODUCT DESCRIPTION 4356,91,60,PR,30216,311217,1,21.2248,,,,AWAIT CATEGORY,C,FJ1
PRICELIST,16701M,PRODUCT DESCRIPTION 4357,91,60,PR,30216,311217,1,20.2249,,,,AWAIT CATEGORY,C,FJ1
PRICELIST,16702L,PRODUCT DESCRIPTION 4358,91,60,PR,30216,311217,1,21.2249,,,,AWAIT CATEGORY,C,FJ1
PRICELIST,16703XL,PRODUCT DESCRIPTION 4359,91,60,PR,30216,311217,1,20.2250,,,,AWAIT CATEGORY,C,FJ1
PRICELIST,16704XXL,PRODUCT DESCRIPTION 4360,91,60,PR,30216,311217,1,21.2250,,,,AWAIT CATEGORY,C,FJ1
PRICELIST,16705S,PRODUCT DESCRIPTION 4361,91,60,PR,30216,311217,1,20.2251,,,,AWAIT CATEGORY,C,FJ1
PRICELIST,16706M,PRODUCT DESCRIPTION 4362,91,60,PR,30216,311217,1,21.2251,,,,AWAIT CATEGORY,C,FJ1
PRICELIST,16707L,PRODUCT DESCRIPTION 4363,91,60,PR,30216,311217,1,20.2252,,,,AWAIT CATEGORY,C,FJ1
PRICELIST,16708XL,PRODUCT DESCRIPTION 4364,91,60,PR,30216,311217,1,21.2252,,,,AWAIT CATEGORY,C,FJ1
PRICELIST,16709XXL,PRODUCT DESCRIPTION 4365,91,60,PR,30216,311217,1,20.2253,,,,AWAIT CATEGORY,C,FJ1
PRICELIST,16710S,PRODUCT DESCRIPTION 4366,91,60,PR,30216,311217,1,21.2253,,,,AWAIT CATEGORY,C,FJ1
PRICELIST,16711M,PRODUCT DESCRIPTION 4367,91,60,PR,30216,311217,1,20.2254,,,,AWAIT CATEGORY,C,FJ1
PRICELIST,16712L,PRODUCT DESCRIPTION 4368,91,60,PR,30216,311217,1,21.2254,,,,AWAIT CATEGORY,C,FJ1
PRICELIST,16713XL,PRODUCT DESCRIPTION 4369,9G,60,PR,30216,311217,1,20.2255,,,,AWAIT CATEGORY,M,FJ1
PRICELIST,16714XXL,PRODUCT DESCRIPTION 4370,9G,60,PR,30216,311217,1,21.2255,,,,AWAIT CATEGORY,M,FJ1
PRICELIST,16715S,PRODUCT DESCRIPTION 4371,9G,60,PR,30216,311217,1,20.2256,,,,AWAIT CATEGORY,M,FJ1
PRICELIST,16716M,PRODUCT DESCRIPTION 4372,9G,60,PR,30216,311217,1,21.2256,,,,AWAIT CATEGORY,M,FJ1
PRICELIST,16717L,PRODUCT DESCRIPTION 4373,9G,60,PR,30216,311217,1,20.2257,,,,AWAIT CATEGORY,M,FJ1
PRICELIST,16718XL,PRODUCT DESCRIPTION 4374,9G,60,PR,30216,311217,1,21.2257,,,,AWAIT CATEGORY,M,FJ1
PRICELIST,16719XXL,PRODUCT DESCRIPTION 4375,9G,60,PR,30216,311217,1,20.2258,,,,AWAIT CATEGORY,M,FJ1
PRICELIST,16720S,PRODUCT DESCRIPTION 4376,9G,60,PR,30216,311217,1,21.2258,,,,AWAIT CATEGORY,M,FJ1
PRICELIST,16721M,PRODUCT DESCRIPTION 4377,9G,60,PR,30216,311217,1,20.2259,,,,AWAIT CATEGORY,M,FJ1
PRICELIST,16722L,PRODUCT DESCRIPTION 4378,9G,60,PR,30216,311217,1,21.2259,,,,AWAIT CATEGORY,M,FJ1
PRICELIST,16723XL,PRODUCT DESCRIPTION 4379,9G,60,PR,30216,311217,1,20.2260,,,,AWAIT CATEGORY,M,FJ1
PRICELIST,16724XXL,PRODUCT DESCRIPTION 4380,9K,60,PR,30216,311217,1,21.2260,,,,AWAIT CATEGORY,M,FJ1
PRICELIST,16725S,PRODUCT DESCRIPTION 4381,9P,60,PR,30216,311217,1,20.2261,,,,AWAIT CATEGORY,M,FJ1
PRICELIST,16726M,PRODUCT DESCRIPTION 4382,9P,60,PR,30216,311217,1,21.2261,,,,AWAIT CATEGORY,M,FJ1
PRICELIST,16727L,PRODUCT DESCRIPTION 4383,9P,60,PR,30216,311217,1,20.2262,,,,AWAIT CATEGORY,M,FJ1
PRICELIST,16728XL,PRODUCT DESCRIPTION 4384,9P,60,PR,30216,311217,1,21.2262,,,,AWAIT CATEGORY,M,FJ1
PRICELIST,16729XXL,PRODUCT DESCRIPTION 4385,9P,60,PR,30216,311217,1,20.2263,,,,AWAIT CATEGORY,C,FJ1
PRICELIST,16730S,PRODUCT DESCRIPTION 4386,9P,60,PR,30216,311217,1,21.2263,,,,AWAIT CATEGORY,C,FJ1
PRICELIST,16731M,PRODUCT DESCRIPTION 4387,9P,60,PR,30216,311217,1,20.2264,,,,AWAIT CATEGORY,C,FJ1
PRICELIST,16732L,PRODUCT DESCRIPTION 4388,9P,60,PR,30216,311217,1,21.2264,,,,AWAIT CATEGORY,C,FJ1
PRICELIST,16733XL,PRODUCT DESCRIPTION 4389,9P,60,PR,30216,311217,1,20.2265,,,,AWAIT CATEGORY,C,FJ1
PRICELIST,16734XXL,PRODUCT DESCRIPTION 4390,9P,60,PR,30216,311217,1,21.2265,,,,AWAIT CATEGORY,C,FJ1
PRICELIST,16735S,PRODUCT DESCRIPTION 4391,9P,60,PR,30216,311217,1,20.2266,,,,AWAIT CATEGORY,C,FJ1
PRICELIST,16736M,PRODUCT DESCRIPTION 4392,9U,60,PR,30216,311217,1,21.2266,,,,AWAIT CATEGORY,C,FJ1
PRICELIST,16737L,PRODUCT DESCRIPTION 4393,9R,60,PR,30216,311217,1,20.2267,,,,AWAIT CATEGORY,M,FJ1
PRICELIST,16738XL,PRODUCT DESCRIPTION 4394,9R,60,PR,30216,311217,1,21.2267,,,,AWAIT CATEGORY,M,FJ1
PRICELIST,16739XXL,PRODUCT DESCRIPTION 4395,9R,60,PR,30216,311217,1,20.2268,,,,AWAIT CATEGORY,M,FJ1
PRICELIST,16740S,PRODUCT DESCRIPTION 4396,9R,60,PR,30216,311217,1,21.2268,,,,AWAIT CATEGORY,M,FJ1
PRICELIST,16741M,PRODUCT DESCRIPTION 4397,9R,60,PR,30216,311217,1,20.2269,,,,AWAIT CATEGORY,M,FJ1
PRICELIST,16742L,PRODUCT DESCRIPTION 4398,9R,60,PR,30216,311217,1,21.2269,,,,AWAIT CATEGORY,M,FJ1
PRICELIST,16743XL,PRODUCT DESCRIPTION 4399,9R,60,PR,30216,311217,1,20.2270,,,,AWAIT CATEGORY,M,FJ1
PRICELIST,16744XXL,PRODUCT DESCRIPTION 4400,9R,60,PR,30216,311217,1,21.2270,,,,AWAIT CATEGORY,M,FJ1
PRICELIST,16745S,PRODUCT DESCRIPTION 4401,9R,60,PR,30216,311217,1,20.2271,,,,AWAIT CATEGORY,M,FJ1
PRICELIST,16746M,PRODUCT DESCRIPTION 4402,9R,60,PR,30216,311217,1,21.2271,,,,AWAIT CATEGORY,M,FJ1
PRICELIST,16747L,PRODUCT DESCRIPTION 4403,9R,60,PR,30216,311217,1,20.2272,,,,AWAIT CATEGORY,M,FJ1
PRICELIST,16748XL,PRODUCT DESCRIPTION 4404,9R,60,PR,30216,311217,1,21.2272,,,,AWAIT CATEGORY,M,FJ1
PRICELIST,16749XXL,PRODUCT DESCRIPTION 4405,9R,60,PR,30216,311217,1,20.2273,,,,AWAIT CATEGORY,C,FJ1
PRICELIST,16750S,PRODUCT DESCRIPTION 4406,9R,60,PR,30216,311217,1,21.2273,,,,AWAIT CATEGORY,C,FJ1
PRICELIST,16751M,PRODUCT DESCRIPTION 4407,9R,60,PR,30216,311217,1,20.2274,,,,AWAIT CATEGORY,C,FJ1
PRICELIST,16752L,PRODUCT DESCRIPTION 4408,9R,60,PR,30216,311217,1,21.2274,,,,AWAIT CATEGORY,C,FJ1
PRICELIST,16753XL,PRODUCT DESCRIPTION 4409,9R,60,PR,30216,311217,1,20.2275,,,,AWAIT CATEGORY,C,FJ1
PRICELIST,16754XXL,PRODUCT DESCRIPTION 4410,9R,60,PR,30216,311217,1,21.2275,,,,AWAIT CATEGORY,C,FJ1
PRICELIST,16755S,PRODUCT DESCRIPTION 4411,9R,60,PR,30216,311217,1,20.2276,,,,AWAIT CATEGORY,C,FJ1
PRICELIST,16756M,PRODUCT DESCRIPTION 4412,9R,60,PR,30216,311217,1,21.2276,,,,AWAIT CATEGORY,C,FJ1
PRICELIST,16757L,PRODUCT DESCRIPTION 4413,9R,60,PR,30216,311217,1,20.2277,,,,AWAIT CATEGORY,C,FJ1
PRICELIST,16758XL,PRODUCT DESCRIPTION 4414,9R,60,PR,30216,311217,1,21.2277,,,,AWAIT CATEGORY,C,FJ1
PRICELIST,16759XXL,PRODUCT DESCRIPTION 4415,9R,60,PR,30216,311217,1,20.2278,,,,AWAIT CATEGORY,C,FJ1
PRICELIST,16760S,PRODUCT DESCRIPTION 4416,9R,60,PR,30216,311217,1,21.2278,,,,AWAIT CATEGORY,C,FJ1
PRICELIST,16761M,PRODUCT DESCRIPTION 4417,9R,60,PR,30216,311217,1,20.2279,,,,AWAIT CATEGORY,C,FJ1
PRICELIST,16762L,PRODUCT DESCRIPTION 4418,9R,60,PR,30216,311217,1,21.2279,,,,AWAIT CATEGORY,C,FJ1
PRICELIST,16763XL,PRODUCT DESCRIPTION 4419,9R,60,PR,30216,311217,1,20.2280,,,,AWAIT CATEGORY,C,FJ1
PRICELIST,16764S,PRODUCT DESCRIPTION 4420,9R,60,PR,30216,311217,1,21.2280,,,,AWAIT CATEGORY,C,FJ1
PRICELIST,16765M,PRODUCT DESCRIPTION 4421,9R,60,PR,30216,311217,1,20.2281,,,,AWAIT CATEGORY,C,FJ1
PRICELIST,16766L,PRODUCT DESCRIPTION 4422,9R,60,PR,30216,311217,1,21.2281,,,,AWAIT CATEGORY,C,FJ1
PRICELIST,16767XL,PRODUCT DESCRIPTION 4423,9R,60,PR,30216,311217,1,20.2282,,,,AWAIT CATEGORY,C,FJ1
PRICELIST,16768XXL,PRODUCT DESCRIPTION 4424,9R,60,PR,30216,311217,1,21.2282,,,,AWAIT CATEGORY,C,FJ1
PRICELIST,16769S,PRODUCT DESCRIPTION 4425,9R,60,PR,30216,311217,1,20.2283,,,,AWAIT CATEGORY,C,FJ1
PRICELIST,16770M,PRODUCT DESCRIPTION 4426,9R,60,PR,30216,311217,1,21.2283,,,,AWAIT CATEGORY,C,FJ1
PRICELIST,16771L,PRODUCT DESCRIPTION 4427,9R,60,PR,30216,311217,1,20.2284,,,,AWAIT CATEGORY,C,FJ1
PRICELIST,16772XL,PRODUCT DESCRIPTION 4428,9R,60,PR,30216,311217,1,21.2284,,,,AWAIT CATEGORY,C,FJ1
PRICELIST,16773XXL,PRODUCT DESCRIPTION 4429,9R,60,PR,30216,311217,1,20.2285,,,,AWAIT CATEGORY,M,FJ1
PRICELIST,16774S,PRODUCT DESCRIPTION 4430,9R,60,PR,30216,311217,1,21.2285,,,,AWAIT CATEGORY,M,FJ1
PRICELIST,16775M,PRODUCT DESCRIPTION 4431,9R,60,PR,30216,311217,1,20.2286,,,,AWAIT CATEGORY,M,FJ1
PRICELIST,16776L,PRODUCT DESCRIPTION 4432,9R,60,PR,30216,311217,1,21.2286,,,,AWAIT CATEGORY,M,FJ1
PRICELIST,16777XL,PRODUCT DESCRIPTION 4433,9R,60,PR,30216,311217,1,20.2287,,,,AWAIT CATEGORY,M,FJ1
PRICELIST,16778XXL,PRODUCT DESCRIPTION 4434,9R,60,PR,30216,311217,1,21.2287,,,,AWAIT CATEGORY,M,FJ1
PRICELIST,16779S,PRODUCT DESCRIPTION 4435,9R,60,PR,30216,311217,1,20.2288,,,,AWAIT CATEGORY,M,FJ1
PRICELIST,16780M,PRODUCT DESCRIPTION 4436,9R,60,PR,30216,311217,1,21.2288,,,,AWAIT CATEGORY,M,FJ1
PRICELIST,16781L,PRODUCT DESCRIPTION 4437,9R,60,PR,30216,311217,1,20.2289,,,,AWAIT CATEGORY,M,FJ1
PRICELIST,16782XL,PRODUCT DESCRIPTION 4438,9R,60,PR,30216,311217,1,21.2289,,,,AWAIT CATEGORY,M,FJ1
PRICELIST,16783XXL,PRODUCT DESCRIPTION 4439,9R,60,PR,30216,311217,1,20.2290,,,,AWAIT CATEGORY,M,FJ1
PRICELIST,16784S,PRODUCT DESCRIPTION 4440,9R,60,PR,30216,311217,1,21.2290,,,,AWAIT CATEGORY,M,FJ1
PRICELIST,16785M,PRODUCT DESCRIPTION 4441,9R,60,PR,30216,311217,1,20.2291,,,,AWAIT CATEGORY,M,FJ1
PRICELIST,16786L,PRODUCT DESCRIPTION 4442,9R,60,PR,30216,311217,1,21.2291,,,,AWAIT CATEGORY,M,FJ1
PRICELIST,16787XL,PRODUCT DESCRIPTION 4443,9R,60,PR,30216,311217,1,20.2292,,,,AWAIT CATEGORY,M,FJ1
PRICELIST,16788XXL,PRODUCT DESCRIPTION 4444,9R,60,PR,30216,311217,1,21.2292,,,,AWAIT CATEGORY,M,FJ1
PRICELIST,16789S,PRODUCT DESCRIPTION 4445,9R,60,PR,30216,311217,1,20.2293,,,,AWAIT CATEGORY,M,FJ1
PRICELIST,16790M,PRODUCT DESCRIPTION 4446,9R,60,PR,30216,311217,1,21.2293,,,,AWAIT CATEGORY,M,FJ1
PRICELIST,16791L,PRODUCT DESCRIPTION 4447,9R,60,PR,30216,311217,1,20.2294,,,,AWAIT CATEGORY,M,FJ1
PRICELIST,16792XL,PRODUCT DESCRIPTION 4448,9R,60,PR,30216,311217,1,21.2294,,,,AWAIT CATEGORY,M,FJ1
PRICELIST,16793XXL,PRODUCT DESCRIPTION 4449,9R,60,PR,30216,311217,1,20.2295,,,,AWAIT CATEGORY,M,FJ1
PRICELIST,16794S,PRODUCT DESCRIPTION 4450,9R,60,PR,30216,311217,1,21.2295,,,,AWAIT CATEGORY,M,FJ1
PRICELIST,16795M,PRODUCT DESCRIPTION 4451,9R,60,PR,30216,311217,1,20.2296,,,,AWAIT CATEGORY,M,FJ1
PRICELIST,16796L,PRODUCT DESCRIPTION 4452,9R,60,PR,30216,311217,1,21.2296,,,,AWAIT CATEGORY,M,FJ1
PRICELIST,16797XL,PRODUCT DESCRIPTION 4453,9R,60,PR,30216,311217,1,20.2297,,,,AWAIT CATEGORY,C,FJ1
PRICELIST,16798XXL,PRODUCT DESCRIPTION 4454,9R,60,PR,30216,311217,1,21.2297,,,,AWAIT CATEGORY,C,FJ1
PRICELIST,16799S,PRODUCT DESCRIPTION 4455,9R,60,PR,30216,311217,1,20.2298,,,,AWAIT CATEGORY,C,FJ1
PRICELIST,16800M,PRODUCT DESCRIPTION 4456,9R,60,PR,30216,311217,1,21.2298,,,,AWAIT CATEGORY,C,FJ1
PRICELIST,16801L,PRODUCT DESCRIPTION 4457,9R,60,PR,30216,311217,1,20.2299,,,,AWAIT CATEGORY,C,FJ1
PRICELIST,16802XL,PRODUCT DESCRIPTION 4458,9R,60,PR,30216,311217,1,21.2299,,,,AWAIT CATEGORY,C,FJ1
PRICELIST,16803070M,PRODUCT DESCRIPTION 4459,9R,60,PR,30216,311217,1,20.2300,,,,AWAIT CATEGORY,C,FJ1
PRICELIST,16804075M,PRODUCT DESCRIPTION 4460,9R,60,PR,30216,311217,1,21.2300,,,,AWAIT CATEGORY,C,FJ1
PRICELIST,16805080M,PRODUCT DESCRIPTION 4461,9R,60,PR,30216,311217,1,20.2301,,,,AWAIT CATEGORY,C,FJ1
PRICELIST,16806085M,PRODUCT DESCRIPTION 4462,9R,60,PR,30216,311217,1,21.2301,,,,AWAIT CATEGORY,C,FJ1
PRICELIST,16807090M,PRODUCT DESCRIPTION 4463,9R,60,PR,30216,311217,1,20.2302,,,,AWAIT CATEGORY,C,FJ1
PRICELIST,16808095M,PRODUCT DESCRIPTION 4464,9R,60,PR,30216,311217,1,21.2302,,,,AWAIT CATEGORY,C,FJ1
PRICELIST,16809100M,PRODUCT DESCRIPTION 4465,9M,60,PR,30216,311217,1,20.2303,,,,AWAIT CATEGORY,M,FJ1
PRICELIST,16810105M,PRODUCT DESCRIPTION 4466,9M,60,PR,30216,311217,1,21.2303,,,,AWAIT CATEGORY,M,FJ1
PRICELIST,16811110M,PRODUCT DESCRIPTION 4467,9M,60,PR,30216,311217,1,20.2304,,,,AWAIT CATEGORY,M,FJ1
PRICELIST,16812115M,PRODUCT DESCRIPTION 4468,9M,60,PR,30216,311217,1,21.2304,,,,AWAIT CATEGORY,M,FJ1
PRICELIST,16813120M,PRODUCT DESCRIPTION 4469,9M,60,PR,30216,311217,1,20.2305,,,,AWAIT CATEGORY,M,FJ1
PRICELIST,16814130M,PRODUCT DESCRIPTION 4470,9M,60,PR,30216,311217,1,21.2305,,,,AWAIT CATEGORY,M,FJ1
PRICELIST,16815070M,PRODUCT DESCRIPTION 4471,9M,60,PR,30216,311217,1,20.2306,,,,AWAIT CATEGORY,M,FJ1
PRICELIST,16816075M,PRODUCT DESCRIPTION 4472,9M,60,PR,30216,311217,1,21.2306,,,,AWAIT CATEGORY,M,FJ1
PRICELIST,16817080M,PRODUCT DESCRIPTION 4473,9M,60,PR,30216,311217,1,20.2307,,,,AWAIT CATEGORY,M,FJ1
PRICELIST,16818085M,PRODUCT DESCRIPTION 4474,9M,60,PR,30216,311217,1,21.2307,,,,AWAIT CATEGORY,M,FJ1
PRICELIST,16819090M,PRODUCT DESCRIPTION 4475,9M,60,PR,30216,311217,1,20.2308,,,,AWAIT CATEGORY,M,FJ1
PRICELIST,16820095M,PRODUCT DESCRIPTION 4476,9M,60,PR,30216,311217,1,21.2308,,,,AWAIT CATEGORY,M,FJ1
PRICELIST,16821100M,PRODUCT DESCRIPTION 4477,9M,60,PR,30216,311217,1,20.2309,,,,AWAIT CATEGORY,M,FJ1
PRICELIST,16822105M,PRODUCT DESCRIPTION 4478,9M,60,PR,30216,311217,1,21.2309,,,,AWAIT CATEGORY,M,FJ1
PRICELIST,16823110M,PRODUCT DESCRIPTION 4479,9M,60,PR,30216,311217,1,20.2310,,,,AWAIT CATEGORY,M,FJ1
PRICELIST,16824115M,PRODUCT DESCRIPTION 4480,9M,60,PR,30216,311217,1,21.2310,,,,AWAIT CATEGORY,M,FJ1
PRICELIST,16825120M,PRODUCT DESCRIPTION 4481,9M,60,PR,30216,311217,1,20.2311,,,,AWAIT CATEGORY,M,FJ1
PRICELIST,16826130M,PRODUCT DESCRIPTION 4482,9M,60,PR,30216,311217,1,21.2311,,,,AWAIT CATEGORY,M,FJ1
PRICELIST,16827070M,PRODUCT DESCRIPTION 4483,9M,60,PR,30216,311217,1,20.2312,,,,AWAIT CATEGORY,M,FJ1
PRICELIST,16828075M,PRODUCT DESCRIPTION 4484,9M,60,PR,30216,311217,1,21.2312,,,,AWAIT CATEGORY,M,FJ1
PRICELIST,16829080M,PRODUCT DESCRIPTION 4485,9M,60,PR,30216,311217,1,20.2313,,,,AWAIT CATEGORY,M,FJ1
PRICELIST,16830085M,PRODUCT DESCRIPTION 4486,9M,60,PR,30216,311217,1,21.2313,,,,AWAIT CATEGORY,M,FJ1
PRICELIST,16831090M,PRODUCT DESCRIPTION 4487,9M,60,PR,30216,311217,1,20.2314,,,,AWAIT CATEGORY,M,FJ1
PRICELIST,16832095M,PRODUCT DESCRIPTION 4488,9M,60,PR,30216,311217,1,21.2314,,,,AWAIT CATEGORY,M,FJ1
PRICELIST,16833100M,PRODUCT DESCRIPTION 4489,9M,60,PR,30216,311217,1,20.2315,,,,AWAIT CATEGORY,M,FJ1
PRICELIST,16834105M,PRODUCT DESCRIPTION 4490,9M,60,PR,30216,311217,1,21.2315,,,,AWAIT CATEGORY,M,FJ1
PRICELIST,16835110M,PRODUCT DESCRIPTION 4491,9M,60,PR,30216,311217,1,20.2316,,,,AWAIT CATEGORY,M,FJ1
PRICELIST,16836115M,PRODUCT DESCRIPTION 4492,9M,60,PR,30216,311217,1,21.2316,,,,AWAIT CATEGORY,M,FJ1
PRICELIST,16837120M,PRODUCT DESCRIPTION 4493,9M,60,PR,30216,311217,1,20.2317,,,,AWAIT CATEGORY,M,FJ1
PRICELIST,16838130M,PRODUCT DESCRIPTION 4494,9M,60,PR,30216,311217,1,21.2317,,,,AWAIT CATEGORY,M,FJ1
PRICELIST,16839070M,PRODUCT DESCRIPTION 4495,9M,60,PR,30216,311217,1,20.2318,,,,AWAIT CATEGORY,M,FJ1
PRICELIST,16840075M,PRODUCT DESCRIPTION 4496,9M,60,PR,30216,311217,1,21.2318,,,,AWAIT CATEGORY,M,FJ1
PRICELIST,16841080M,PRODUCT DESCRIPTION 4497,9M,60,PR,30216,311217,1,20.2319,,,,AWAIT CATEGORY,M,FJ1
PRICELIST,16842085M,PRODUCT DESCRIPTION 4498,9M,60,PR,30216,311217,1,21.2319,,,,AWAIT CATEGORY,M,FJ1
PRICELIST,16843090M,PRODUCT DESCRIPTION 4499,9M,60,PR,30216,311217,1,20.2320,,,,AWAIT CATEGORY,M,FJ1
PRICELIST,16844095M,PRODUCT DESCRIPTION 4500,9M,60,PR,30216,311217,1,21.2320,,,,AWAIT CATEGORY,M,FJ1
PRICELIST,16845100M,PRODUCT DESCRIPTION 4501,9Y,60,PR,30216,311217,1,20.2321,,,,AWAIT CATEGORY,M,FJ1
PRICELIST,16846105M,PRODUCT DESCRIPTION 4502,9Y,60,PR,30216,311217,1,21.2321,,,,AWAIT CATEGORY,M,FJ1
PRICELIST,16847110M,PRODUCT DESCRIPTION 4503,9Y,60,PR,30216,311217,1,20.2322,,,,AWAIT CATEGORY,M,FJ1
PRICELIST,16848115M,PRODUCT DESCRIPTION 4504,9Y,60,PR,30216,311217,1,21.2322,,,,AWAIT CATEGORY,M,FJ1
PRICELIST,16849120M,PRODUCT DESCRIPTION 4505,9Y,60,PR,30216,311217,1,20.2323,,,,AWAIT CATEGORY,M,FJ1
PRICELIST,16850130M,PRODUCT DESCRIPTION 4506,9Y,60,PR,30216,311217,1,21.2323,,,,AWAIT CATEGORY,M,FJ1
PRICELIST,16851070M,PRODUCT DESCRIPTION 4507,9Y,60,PR,30216,311217,1,20.2324,,,,AWAIT CATEGORY,M,FJ1
PRICELIST,16852075M,PRODUCT DESCRIPTION 4508,9Y,60,PR,30216,311217,1,21.2324,,,,AWAIT CATEGORY,M,FJ1
PRICELIST,16853080M,PRODUCT DESCRIPTION 4509,9Y,60,PR,30216,311217,1,20.2325,,,,AWAIT CATEGORY,M,FJ1
PRICELIST,16854085M,PRODUCT DESCRIPTION 4510,9Y,60,PR,30216,311217,1,21.2325,,,,AWAIT CATEGORY,M,FJ1
PRICELIST,16855090M,PRODUCT DESCRIPTION 4511,9Y,60,PR,30216,311217,1,20.2326,,,,AWAIT CATEGORY,M,FJ1
PRICELIST,16856095M,PRODUCT DESCRIPTION 4512,9Y,60,PR,30216,311217,1,21.2326,,,,AWAIT CATEGORY,M,FJ1
PRICELIST,16857100M,PRODUCT DESCRIPTION 4513,9Y,60,PR,30216,311217,1,20.2327,,,,AWAIT CATEGORY,M,FJ1
PRICELIST,16858105M,PRODUCT DESCRIPTION 4514,9Y,60,PR,30216,311217,1,21.2327,,,,AWAIT CATEGORY,M,FJ1
PRICELIST,16859110M,PRODUCT DESCRIPTION 4515,9Y,60,PR,30216,311217,1,20.2328,,,,AWAIT CATEGORY,M,FJ1
PRICELIST,16860115M,PRODUCT DESCRIPTION 4516,9Y,60,PR,30216,311217,1,21.2328,,,,AWAIT CATEGORY,M,FJ1
PRICELIST,16861120M,PRODUCT DESCRIPTION 4517,9Y,60,PR,30216,311217,1,20.2329,,,,AWAIT CATEGORY,M,FJ1
PRICELIST,16862130M,PRODUCT DESCRIPTION 4518,9Y,60,PR,30216,311217,1,21.2329,,,,AWAIT CATEGORY,M,FJ1
PRICELIST,16863070M,PRODUCT DESCRIPTION 4519,92,60,PR,30216,311217,1,20.2330,,,,AWAIT CATEGORY,M,FJ1
PRICELIST,16864075M,PRODUCT DESCRIPTION 4520,92,60,PR,30216,311217,1,21.2330,,,,AWAIT CATEGORY,M,FJ1
PRICELIST,16865080M,PRODUCT DESCRIPTION 4521,92,60,PR,30216,311217,1,20.2331,,,,AWAIT CATEGORY,M,FJ1
PRICELIST,16866085M,PRODUCT DESCRIPTION 4522,92,60,PR,30216,311217,1,21.2331,,,,AWAIT CATEGORY,M,FJ1
PRICELIST,16867090M,PRODUCT DESCRIPTION 4523,92,60,PR,30216,311217,1,20.2332,,,,AWAIT CATEGORY,M,FJ1
PRICELIST,16868095M,PRODUCT DESCRIPTION 4524,92,60,PR,30216,311217,1,21.2332,,,,AWAIT CATEGORY,M,FJ1
PRICELIST,16869100M,PRODUCT DESCRIPTION 4525,92,60,PR,30216,311217,1,20.2333,,,,AWAIT CATEGORY,M,FJ1
PRICELIST,16870105M,PRODUCT DESCRIPTION 4526,92,60,PR,30216,311217,1,21.2333,,,,AWAIT CATEGORY,M,FJ1
PRICELIST,16871110M,PRODUCT DESCRIPTION 4527,92,60,PR,30216,311217,1,20.2334,,,,AWAIT CATEGORY,M,FJ1
PRICELIST,16872115M,PRODUCT DESCRIPTION 4528,92,60,PR,30216,311217,1,21.2334,,,,AWAIT CATEGORY,M,FJ1
PRICELIST,16873120M,PRODUCT DESCRIPTION 4529,92,60,PR,30216,311217,1,20.2335,,,,AWAIT CATEGORY,M,FJ1
PRICELIST,16874130M,PRODUCT DESCRIPTION 4530,92,60,PR,30216,311217,1,21.2335,,,,AWAIT CATEGORY,M,FJ1
PRICELIST,16875070M,PRODUCT DESCRIPTION 4531,92,60,PR,30216,311217,1,20.2336,,,,AWAIT CATEGORY,M,FJ1
PRICELIST,16876075M,PRODUCT DESCRIPTION 4532,92,60,PR,30216,311217,1,21.2336,,,,AWAIT CATEGORY,M,FJ1
PRICELIST,16877080M,PRODUCT DESCRIPTION 4533,92,60,PR,30216,311217,1,20.2337,,,,AWAIT CATEGORY,M,FJ1
PRICELIST,16878085M,PRODUCT DESCRIPTION 4534,92,60,PR,30216,311217,1,21.2337,,,,AWAIT CATEGORY,M,FJ1
PRICELIST,16879090M,PRODUCT DESCRIPTION 4535,92,60,PR,30216,311217,1,20.2338,,,,AWAIT CATEGORY,M,FJ1
PRICELIST,16880095M,PRODUCT DESCRIPTION 4536,92,60,PR,30216,311217,1,21.2338,,,,AWAIT CATEGORY,M,FJ1
PRICELIST,16881100M,PRODUCT DESCRIPTION 4537,92,60,PR,30216,311217,1,20.2339,,,,AWAIT CATEGORY,M,FJ1
PRICELIST,16882105M,PRODUCT DESCRIPTION 4538,92,60,PR,30216,311217,1,21.2339,,,,AWAIT CATEGORY,M,FJ1
PRICELIST,16883110M,PRODUCT DESCRIPTION 4539,92,60,PR,30216,311217,1,20.2340,,,,AWAIT CATEGORY,M,FJ1
PRICELIST,16884115M,PRODUCT DESCRIPTION 4540,92,60,PR,30216,311217,1,21.2340,,,,AWAIT CATEGORY,M,FJ1
PRICELIST,16885120M,PRODUCT DESCRIPTION 4541,92,60,PR,30216,311217,1,20.2341,,,,AWAIT CATEGORY,M,FJ1
PRICELIST,16886130M,PRODUCT DESCRIPTION 4542,92,60,PR,30216,311217,1,21.2341,,,,AWAIT CATEGORY,M,FJ1
PRICELIST,16887070M,PRODUCT DESCRIPTION 4543,92,60,PR,30216,311217,1,20.2342,,,,AWAIT CATEGORY,M,FJ1
PRICELIST,16888075M,PRODUCT DESCRIPTION 4544,92,60,PR,30216,311217,1,21.2342,,,,AWAIT CATEGORY,M,FJ1
PRICELIST,16889080M,PRODUCT DESCRIPTION 4545,92,60,PR,30216,311217,1,20.2343,,,,AWAIT CATEGORY,M,FJ1
PRICELIST,16890085M,PRODUCT DESCRIPTION 4546,92,60,PR,30216,311217,1,21.2343,,,,AWAIT CATEGORY,M,FJ1
PRICELIST,16891090M,PRODUCT DESCRIPTION 4547,92,60,PR,30216,311217,1,20.2344,,,,AWAIT CATEGORY,M,FJ1
PRICELIST,16892095M,PRODUCT DESCRIPTION 4548,92,60,PR,30216,311217,1,21.2344,,,,AWAIT CATEGORY,M,FJ1
PRICELIST,16893100M,PRODUCT DESCRIPTION 4549,92,60,PR,30216,311217,1,20.2345,,,,AWAIT CATEGORY,M,FJ1
PRICELIST,16894105M,PRODUCT DESCRIPTION 4550,92,60,PR,30216,311217,1,21.2345,,,,AWAIT CATEGORY,M,FJ1
PRICELIST,16895110M,PRODUCT DESCRIPTION 4551,92,60,PR,30216,311217,1,20.2346,,,,AWAIT CATEGORY,M,FJ1
PRICELIST,16896115M,PRODUCT DESCRIPTION 4552,92,60,PR,30216,311217,1,21.2346,,,,AWAIT CATEGORY,M,FJ1
PRICELIST,16897120M,PRODUCT DESCRIPTION 4553,92,60,PR,30216,311217,1,20.2347,,,,AWAIT CATEGORY,M,FJ1
PRICELIST,16898130M,PRODUCT DESCRIPTION 4554,9S,60,PR,30216,311217,1,21.2347,,,,AWAIT CATEGORY,C,FJ1
PRICELIST,16899070M,PRODUCT DESCRIPTION 4555,9S,60,PR,30216,311217,1,20.2348,,,,AWAIT CATEGORY,M,FJ1
PRICELIST,16900075M,PRODUCT DESCRIPTION 4556,9S,60,PR,30216,311217,1,21.2348,,,,AWAIT CATEGORY,M,FJ1
PRICELIST,16901080M,PRODUCT DESCRIPTION 4557,9S,60,PR,30216,311217,1,20.2349,,,,AWAIT CATEGORY,M,FJ1
PRICELIST,16902085M,PRODUCT DESCRIPTION 4558,9S,60,PR,30216,311217,1,21.2349,,,,AWAIT CATEGORY,M,FJ1
PRICELIST,16903090M,PRODUCT DESCRIPTION 4559,9S,60,PR,30216,311217,1,20.2350,,,,AWAIT CATEGORY,C,FJ1
PRICELIST,16904095M,PRODUCT DESCRIPTION 4560,9S,60,PR,30216,311217,1,21.2350,,,,AWAIT CATEGORY,M,FJ1
PRICELIST,16905100M,PRODUCT DESCRIPTION 4561,9S,60,PR,30216,311217,1,20.2351,,,,AWAIT CATEGORY,M,FJ1
PRICELIST,16906105M,PRODUCT DESCRIPTION 4562,9S,60,PR,30216,311217,1,21.2351,,,,AWAIT CATEGORY,M,FJ1
PRICELIST,16907110M,PRODUCT DESCRIPTION 4563,9S,60,PR,30216,311217,1,20.2352,,,,AWAIT CATEGORY,M,FJ1
PRICELIST,16908115M,PRODUCT DESCRIPTION 4564,9S,60,PR,30216,311217,1,21.2352,,,,AWAIT CATEGORY,M,FJ1
PRICELIST,16909120M,PRODUCT DESCRIPTION 4565,9S,60,PR,30216,311217,1,20.2353,,,,AWAIT CATEGORY,M,FJ1
PRICELIST,16910130M,PRODUCT DESCRIPTION 4566,9S,60,PR,30216,311217,1,21.2353,,,,AWAIT CATEGORY,M,FJ1
PRICELIST,16911070M,PRODUCT DESCRIPTION 4567,9S,60,PR,30216,311217,1,20.2354,,,,AWAIT CATEGORY,M,FJ1
PRICELIST,16912075M,PRODUCT DESCRIPTION 4568,9S,60,PR,30216,311217,1,21.2354,,,,AWAIT CATEGORY,M,FJ1
PRICELIST,16913080M,PRODUCT DESCRIPTION 4569,9S,60,PR,30216,311217,1,20.2355,,,,AWAIT CATEGORY,M,FJ1
PRICELIST,16914085M,PRODUCT DESCRIPTION 4570,9S,60,PR,30216,311217,1,21.2355,,,,AWAIT CATEGORY,M,FJ1
PRICELIST,16915090M,PRODUCT DESCRIPTION 4571,9S,60,PR,30216,311217,1,20.2356,,,,AWAIT CATEGORY,M,FJ1
PRICELIST,16916095M,PRODUCT DESCRIPTION 4572,9S,60,PR,30216,311217,1,21.2356,,,,AWAIT CATEGORY,M,FJ1
PRICELIST,16917100M,PRODUCT DESCRIPTION 4573,9S,60,PR,30216,311217,1,20.2357,,,,AWAIT CATEGORY,M,FJ1
PRICELIST,16918105M,PRODUCT DESCRIPTION 4574,9S,60,PR,30216,311217,1,21.2357,,,,AWAIT CATEGORY,M,FJ1
PRICELIST,16919110M,PRODUCT DESCRIPTION 4575,9S,60,PR,30216,311217,1,20.2358,,,,AWAIT CATEGORY,M,FJ1
PRICELIST,16920115M,PRODUCT DESCRIPTION 4576,9S,60,PR,30216,311217,1,21.2358,,,,AWAIT CATEGORY,M,FJ1
PRICELIST,16921120M,PRODUCT DESCRIPTION 4577,9S,60,PR,30216,311217,1,20.2359,,,,AWAIT CATEGORY,M,FJ1
PRICELIST,16922130M,PRODUCT DESCRIPTION 4578,9S,60,PR,30216,311217,1,21.2359,,,,AWAIT CATEGORY,M,FJ1
PRICELIST,16923070M,PRODUCT DESCRIPTION 4579,9S,60,PR,30216,311217,1,20.2360,,,,AWAIT CATEGORY,M,FJ1
PRICELIST,16924075M,PRODUCT DESCRIPTION 4580,9S,60,PR,30216,311217,1,21.2360,,,,AWAIT CATEGORY,M,FJ1
PRICELIST,16925080M,PRODUCT DESCRIPTION 4581,9W,60,PR,30216,311217,1,20.2361,,,,AWAIT CATEGORY,C,FJ1
PRICELIST,16926085M,PRODUCT DESCRIPTION 4582,9W,60,PR,30216,311217,1,21.2361,,,,AWAIT CATEGORY,C,FJ1
PRICELIST,16927090M,PRODUCT DESCRIPTION 4583,9W,60,PR,30216,311217,1,20.2362,,,,AWAIT CATEGORY,C,FJ1
PRICELIST,16928095M,PRODUCT DESCRIPTION 4584,9W,60,PR,30216,311217,1,21.2362,,,,AWAIT CATEGORY,C,FJ1
PRICELIST,16929100M,PRODUCT DESCRIPTION 4585,9W,60,PR,30216,311217,1,20.2363,,,,AWAIT CATEGORY,C,FJ1
PRICELIST,16930105M,PRODUCT DESCRIPTION 4586,9W,60,PR,30216,311217,1,21.2363,,,,AWAIT CATEGORY,C,FJ1
PRICELIST,16931110M,PRODUCT DESCRIPTION 4587,9W,60,PR,30216,311217,1,20.2364,,,,AWAIT CATEGORY,C,FJ1
PRICELIST,16932115M,PRODUCT DESCRIPTION 4588,9W,60,PR,30216,311217,1,21.2364,,,,AWAIT CATEGORY,C,FJ1
PRICELIST,16933120M,PRODUCT DESCRIPTION 4589,9W,60,PR,30216,311217,1,20.2365,,,,AWAIT CATEGORY,C,FJ1
PRICELIST,16934130M,PRODUCT DESCRIPTION 4590,9W,60,PR,30216,311217,1,21.2365,,,,AWAIT CATEGORY,C,FJ1
PRICELIST,16935130M,PRODUCT DESCRIPTION 4591,9W,60,PR,30216,311217,1,20.2366,,,,AWAIT CATEGORY,C,FJ1
PRICELIST,16936070M,PRODUCT DESCRIPTION 4592,9W,60,PR,30216,311217,1,21.2366,,,,AWAIT CATEGORY,C,FJ1
PRICELIST,16937075M,PRODUCT DESCRIPTION 4593,9W,60,PR,30216,311217,1,20.2367,,,,AWAIT CATEGORY,M,FJ1
PRICELIST,16938080M,PRODUCT DESCRIPTION 4594,9W,60,PR,30216,311217,1,21.2367,,,,AWAIT CATEGORY,M,FJ1
PRICELIST,16939085M,PRODUCT DESCRIPTION 4595,9W,60,PR,30216,311217,1,20.2368,,,,AWAIT CATEGORY,M,FJ1
PRICELIST,16940090M,PRODUCT DESCRIPTION 4596,9W,60,PR,30216,311217,1,21.2368,,,,AWAIT CATEGORY,M,FJ1
PRICELIST,16941095M,PRODUCT DESCRIPTION 4597,9W,60,PR,30216,311217,1,20.2369,,,,AWAIT CATEGORY,M,FJ1
PRICELIST,16942100M,PRODUCT DESCRIPTION 4598,9W,60,PR,30216,311217,1,21.2369,,,,AWAIT CATEGORY,M,FJ1
PRICELIST,16943105M,PRODUCT DESCRIPTION 4599,9W,60,PR,30216,311217,1,20.2370,,,,AWAIT CATEGORY,M,FJ1
PRICELIST,16944110M,PRODUCT DESCRIPTION 4600,9W,60,PR,30216,311217,1,21.2370,,,,AWAIT CATEGORY,M,FJ1
PRICELIST,16945115M,PRODUCT DESCRIPTION 4601,9W,60,PR,30216,311217,1,20.2371,,,,AWAIT CATEGORY,M,FJ1
PRICELIST,16946120M,PRODUCT DESCRIPTION 4602,9W,60,PR,30216,311217,1,21.2371,,,,AWAIT CATEGORY,M,FJ1
PRICELIST,16947130M,PRODUCT DESCRIPTION 4603,9W,60,PR,30216,311217,1,20.2372,,,,AWAIT CATEGORY,M,FJ1
PRICELIST,16948070M,PRODUCT DESCRIPTION 4604,9W,60,PR,30216,311217,1,21.2372,,,,AWAIT CATEGORY,M,FJ1
PRICELIST,16949075M,PRODUCT DESCRIPTION 4605,9W,60,PR,30216,311217,1,20.2373,,,,AWAIT CATEGORY,M,FJ1
PRICELIST,16950080M,PRODUCT DESCRIPTION 4606,9W,60,PR,30216,311217,1,21.2373,,,,AWAIT CATEGORY,M,FJ1
PRICELIST,16951085M,PRODUCT DESCRIPTION 4607,9W,60,PR,30216,311217,1,20.2374,,,,AWAIT CATEGORY,M,FJ1
PRICELIST,16952090M,PRODUCT DESCRIPTION 4608,9W,60,PR,30216,311217,1,21.2374,,,,AWAIT CATEGORY,M,FJ1
PRICELIST,16953095M,PRODUCT DESCRIPTION 4609,9W,60,PR,30216,311217,1,20.2375,,,,AWAIT CATEGORY,M,FJ1
PRICELIST,16954100M,PRODUCT DESCRIPTION 4610,9W,60,PR,30216,311217,1,21.2375,,,,AWAIT CATEGORY,M,FJ1
PRICELIST,16955105M,PRODUCT DESCRIPTION 4611,9U,60,PR,30216,311217,1,20.2376,,,,AWAIT CATEGORY,C,FJ1
PRICELIST,16956110M,PRODUCT DESCRIPTION 4612,9U,60,PR,30216,311217,1,21.2376,,,,AWAIT CATEGORY,C,FJ1
PRICELIST,16957115M,PRODUCT DESCRIPTION 4613,9U,60,PR,30216,311217,1,20.2377,,,,AWAIT CATEGORY,C,FJ1
PRICELIST,16958120M,PRODUCT DESCRIPTION 4614,9U,60,PR,30216,311217,1,21.2377,,,,AWAIT CATEGORY,C,FJ1
PRICELIST,16959130M,PRODUCT DESCRIPTION 4615,9U,60,PR,30216,311217,1,20.2378,,,,AWAIT CATEGORY,C,FJ1
PRICELIST,16960070M,PRODUCT DESCRIPTION 4616,9U,60,PR,30216,311217,1,21.2378,,,,AWAIT CATEGORY,C,FJ1
PRICELIST,16961075M,PRODUCT DESCRIPTION 4617,9U,60,PR,30216,311217,1,20.2379,,,,AWAIT CATEGORY,C,FJ1
PRICELIST,16962080M,PRODUCT DESCRIPTION 4618,9U,60,PR,30216,311217,1,21.2379,,,,AWAIT CATEGORY,C,FJ1
PRICELIST,16963085M,PRODUCT DESCRIPTION 4619,9U,60,PR,30216,311217,1,20.2380,,,,AWAIT CATEGORY,C,FJ1
PRICELIST,16964090M,PRODUCT DESCRIPTION 4620,9U,60,PR,30216,311217,1,21.2380,,,,AWAIT CATEGORY,C,FJ1
PRICELIST,16965095M,PRODUCT DESCRIPTION 4621,9U,60,PR,30216,311217,1,20.2381,,,,AWAIT CATEGORY,C,FJ1
PRICELIST,16966100M,PRODUCT DESCRIPTION 4622,9U,60,PR,30216,311217,1,21.2381,,,,AWAIT CATEGORY,C,FJ1
PRICELIST,16967105M,PRODUCT DESCRIPTION 4623,9U,60,PR,30216,311217,1,20.2382,,,,AWAIT CATEGORY,C,FJ1
PRICELIST,16968110M,PRODUCT DESCRIPTION 4624,9U,60,PR,30216,311217,1,21.2382,,,,AWAIT CATEGORY,C,FJ1
PRICELIST,16969115M,PRODUCT DESCRIPTION 4625,9U,60,PR,30216,311217,1,20.2383,,,,AWAIT CATEGORY,C,FJ1
PRICELIST,16970120M,PRODUCT DESCRIPTION 4626,9U,60,PR,30216,311217,1,21.2383,,,,AWAIT CATEGORY,C,FJ1
PRICELIST,16971130M,PRODUCT DESCRIPTION 4627,9U,60,PR,30216,311217,1,20.2384,,,,AWAIT CATEGORY,C,FJ1
PRICELIST,16972070M,PRODUCT DESCRIPTION 4628,9U,60,PR,30216,311217,1,21.2384,,,,AWAIT CATEGORY,C,FJ1
PRICELIST,16973075M,PRODUCT DESCRIPTION 4629,9U,60,PR,30216,311217,1,20.2385,,,,AWAIT CATEGORY,C,FJ1
PRICELIST,16974080M,PRODUCT DESCRIPTION 4630,9U,60,PR,30216,311217,1,21.2385,,,,AWAIT CATEGORY,C,FJ1
PRICELIST,16975085M,PRODUCT DESCRIPTION 4631,9U,60,PR,30216,311217,1,20.2386,,,,AWAIT CATEGORY,C,FJ1
PRICELIST,16976090M,PRODUCT DESCRIPTION 4632,9U,60,PR,30216,311217,1,21.2386,,,,AWAIT CATEGORY,C,FJ1
PRICELIST,16977095M,PRODUCT DESCRIPTION 4633,9U,60,PR,30216,311217,1,20.2387,,,,AWAIT CATEGORY,C,FJ1
PRICELIST,16978100M,PRODUCT DESCRIPTION 4634,9U,60,PR,30216,311217,1,21.2387,,,,AWAIT CATEGORY,M,FJ1
PRICELIST,16979105M,PRODUCT DESCRIPTION 4635,9U,60,PR,30216,311217,1,20.2388,,,,AWAIT CATEGORY,M,FJ1
PRICELIST,16980110M,PRODUCT DESCRIPTION 4636,9U,60,PR,30216,311217,1,21.2388,,,,AWAIT CATEGORY,M,FJ1
PRICELIST,16981115M,PRODUCT DESCRIPTION 4637,9U,60,PR,30216,311217,1,20.2389,,,,AWAIT CATEGORY,M,FJ1
PRICELIST,16982120M,PRODUCT DESCRIPTION 4638,9U,60,PR,30216,311217,1,21.2389,,,,AWAIT CATEGORY,M,FJ1
PRICELIST,16983130M,PRODUCT DESCRIPTION 4639,9U,60,PR,30216,311217,1,20.2390,,,,AWAIT CATEGORY,M,FJ1
PRICELIST,16984070M,PRODUCT DESCRIPTION 4640,9U,60,PR,30216,311217,1,21.2390,,,,AWAIT CATEGORY,M,FJ1
PRICELIST,16985075M,PRODUCT DESCRIPTION 4641,9U,60,PR,30216,311217,1,20.2391,,,,AWAIT CATEGORY,M,FJ1
PRICELIST,16986080M,PRODUCT DESCRIPTION 4642,9U,60,PR,30216,311217,1,21.2391,,,,AWAIT CATEGORY,M,FJ1
PRICELIST,16987085M,PRODUCT DESCRIPTION 4643,9U,60,PR,30216,311217,1,20.2392,,,,AWAIT CATEGORY,M,FJ1
PRICELIST,16988090M,PRODUCT DESCRIPTION 4644,9U,60,PR,30216,311217,1,21.2392,,,,AWAIT CATEGORY,M,FJ1
PRICELIST,16989095M,PRODUCT DESCRIPTION 4645,9U,60,PR,30216,311217,1,20.2393,,,,AWAIT CATEGORY,M,FJ1
PRICELIST,16990100M,PRODUCT DESCRIPTION 4646,9U,60,PR,30216,311217,1,21.2393,,,,AWAIT CATEGORY,M,FJ1
PRICELIST,16991105M,PRODUCT DESCRIPTION 4647,9U,60,PR,30216,311217,1,20.2394,,,,AWAIT CATEGORY,M,FJ1
PRICELIST,16992110M,PRODUCT DESCRIPTION 4648,9U,60,PR,30216,311217,1,21.2394,,,,AWAIT CATEGORY,M,FJ1
PRICELIST,16993115M,PRODUCT DESCRIPTION 4649,9U,60,PR,30216,311217,1,20.2395,,,,AWAIT CATEGORY,M,FJ1
PRICELIST,16994120M,PRODUCT DESCRIPTION 4650,9U,60,PR,30216,311217,1,21.2395,,,,AWAIT CATEGORY,M,FJ1
PRICELIST,16995130M,PRODUCT DESCRIPTION 4651,9U,60,PR,30216,311217,1,20.2396,,,,AWAIT CATEGORY,M,FJ1
PRICELIST,16996070M,PRODUCT DESCRIPTION 4652,9U,60,PR,30216,311217,1,21.2396,,,,AWAIT CATEGORY,M,FJ1
PRICELIST,16997075M,PRODUCT DESCRIPTION 4653,9U,60,PR,30216,311217,1,20.2397,,,,AWAIT CATEGORY,M,FJ1
PRICELIST,16998080M,PRODUCT DESCRIPTION 4654,9U,60,PR,30216,311217,1,21.2397,,,,AWAIT CATEGORY,M,FJ1
PRICELIST,16999085M,PRODUCT DESCRIPTION 4655,9U,60,PR,30216,311217,1,20.2398,,,,AWAIT CATEGORY,M,FJ1
PRICELIST,17000090M,PRODUCT DESCRIPTION 4656,9U,60,PR,30216,311217,1,21.2398,,,,AWAIT CATEGORY,M,FJ1
PRICELIST,17001095M,PRODUCT DESCRIPTION 4657,9U,60,PR,30216,311217,1,20.2399,,,,AWAIT CATEGORY,C,FJ1
PRICELIST,17002100M,PRODUCT DESCRIPTION 4658,9U,60,PR,30216,311217,1,21.2399,,,,AWAIT CATEGORY,C,FJ1
PRICELIST,17003105M,PRODUCT DESCRIPTION 4659,9U,60,PR,30216,311217,1,20.2400,,,,AWAIT CATEGORY,C,FJ1
PRICELIST,17004110M,PRODUCT DESCRIPTION 4660,9U,60,PR,30216,311217,1,21.2400,,,,AWAIT CATEGORY,C,FJ1
PRICELIST,17005115M,PRODUCT DESCRIPTION 4661,9U,60,PR,30216,311217,1,20.2401,,,,AWAIT CATEGORY,C,FJ1
PRICELIST,17006120M,PRODUCT DESCRIPTION 4662,9U,60,PR,30216,311217,1,21.2401,,,,AWAIT CATEGORY,C,FJ1
PRICELIST,17007130M,PRODUCT DESCRIPTION 4663,9U,60,PR,30216,311217,1,20.2402,,,,AWAIT CATEGORY,C,FJ1
PRICELIST,17008070M,PRODUCT DESCRIPTION 4664,9U,60,PR,30216,311217,1,21.2402,,,,AWAIT CATEGORY,C,FJ1
PRICELIST,17009075M,PRODUCT DESCRIPTION 4665,9U,60,PR,30216,311217,1,20.2403,,,,AWAIT CATEGORY,C,FJ1
PRICELIST,17010080M,PRODUCT DESCRIPTION 4666,9U,60,PR,30216,311217,1,21.2403,,,,AWAIT CATEGORY,C,FJ1
PRICELIST,17011085M,PRODUCT DESCRIPTION 4667,9U,60,PR,30216,311217,1,20.2404,,,,AWAIT CATEGORY,C,FJ1
PRICELIST,17012090M,PRODUCT DESCRIPTION 4668,9U,60,PR,30216,311217,1,21.2404,,,,AWAIT CATEGORY,C,FJ1
PRICELIST,17013095M,PRODUCT DESCRIPTION 4669,9U,60,PR,30216,311217,1,20.2405,,,,AWAIT CATEGORY,C,FJ1
PRICELIST,17014100M,PRODUCT DESCRIPTION 4670,9U,60,PR,30216,311217,1,21.2405,,,,AWAIT CATEGORY,C,FJ1
PRICELIST,17015105M,PRODUCT DESCRIPTION 4671,9U,60,PR,30216,311217,1,20.2406,,,,AWAIT CATEGORY,C,FJ1
PRICELIST,17016110M,PRODUCT DESCRIPTION 4672,9U,60,PR,30216,311217,1,21.2406,,,,AWAIT CATEGORY,C,FJ1
PRICELIST,17017115M,PRODUCT DESCRIPTION 4673,9U,60,PR,30216,311217,1,20.2407,,,,AWAIT CATEGORY,C,FJ1
PRICELIST,17018120M,PRODUCT DESCRIPTION 4674,9U,60,PR,30216,311217,1,21.2407,,,,AWAIT CATEGORY,C,FJ1
PRICELIST,17019130M,PRODUCT DESCRIPTION 4675,9U,60,PR,30216,311217,1,20.2408,,,,AWAIT CATEGORY,C,FJ1
PRICELIST,17020070M,PRODUCT DESCRIPTION 4676,9U,60,PR,30216,311217,1,21.2408,,,,AWAIT CATEGORY,C,FJ1
PRICELIST,17021075M,PRODUCT DESCRIPTION 4677,9U,60,PR,30216,311217,1,20.2409,,,,AWAIT CATEGORY,C,FJ1
PRICELIST,17022080M,PRODUCT DESCRIPTION 4678,9U,60,PR,30216,311217,1,21.2409,,,,AWAIT CATEGORY,C,FJ1
PRICELIST,17023085M,PRODUCT DESCRIPTION 4679,9U,60,PR,30216,311217,1,20.2410,,,,AWAIT CATEGORY,C,FJ1
PRICELIST,17024090M,PRODUCT DESCRIPTION 4680,9U,60,PR,30216,311217,1,21.2410,,,,AWAIT CATEGORY,C,FJ1
PRICELIST,17025095M,PRODUCT DESCRIPTION 4681,9U,60,PR,30216,311217,1,20.2411,,,,AWAIT CATEGORY,C,FJ1
PRICELIST,17026100M,PRODUCT DESCRIPTION 4682,9U,60,PR,30216,311217,1,21.2411,,,,AWAIT CATEGORY,C,FJ1
PRICELIST,17027105M,PRODUCT DESCRIPTION 4683,9U,60,PR,30216,311217,1,20.2412,,,,AWAIT CATEGORY,C,FJ1
PRICELIST,17028110M,PRODUCT DESCRIPTION 4684,9U,60,PR,30216,311217,1,21.2412,,,,AWAIT CATEGORY,C,FJ1
PRICELIST,17029115M,PRODUCT DESCRIPTION 4685,9U,60,PR,30216,311217,1,20.2413,,,,AWAIT CATEGORY,C,FJ1
PRICELIST,17030120M,PRODUCT DESCRIPTION 4686,9U,60,PR,30216,311217,1,21.2413,,,,AWAIT CATEGORY,C,FJ1
PRICELIST,17031130M,PRODUCT DESCRIPTION 4687,9U,60,PR,30216,311217,1,20.2414,,,,AWAIT CATEGORY,C,FJ1
PRICELIST,17032130M,PRODUCT DESCRIPTION 4688,9U,60,PR,30216,311217,1,21.2414,,,,AWAIT CATEGORY,C,FJ1
PRICELIST,17033070M,PRODUCT DESCRIPTION 4689,9U,60,PR,30216,311217,1,20.2415,,,,AWAIT CATEGORY,C,FJ1
PRICELIST,17034075M,PRODUCT DESCRIPTION 4690,9U,60,PR,30216,311217,1,21.2415,,,,AWAIT CATEGORY,C,FJ1
PRICELIST,17035080M,PRODUCT DESCRIPTION 4691,9U,60,PR,30216,311217,1,20.2416,,,,AWAIT CATEGORY,C,FJ1
PRICELIST,17036085M,PRODUCT DESCRIPTION 4692,9U,60,PR,30216,311217,1,21.2416,,,,AWAIT CATEGORY,C,FJ1
PRICELIST,17037090M,PRODUCT DESCRIPTION 4693,9U,60,PR,30216,311217,1,20.2417,,,,AWAIT CATEGORY,C,FJ1
PRICELIST,17038095M,PRODUCT DESCRIPTION 4694,9U,60,PR,30216,311217,1,21.2417,,,,AWAIT CATEGORY,C,FJ1
PRICELIST,17039100M,PRODUCT DESCRIPTION 4695,9U,60,PR,30216,311217,1,20.2418,,,,AWAIT CATEGORY,C,FJ1
PRICELIST,17040105M,PRODUCT DESCRIPTION 4696,9U,60,PR,30216,311217,1,21.2418,,,,AWAIT CATEGORY,C,FJ1
PRICELIST,17041110M,PRODUCT DESCRIPTION 4697,9U,60,PR,30216,311217,1,20.2419,,,,AWAIT CATEGORY,C,FJ1
PRICELIST,17042115M,PRODUCT DESCRIPTION 4698,9U,60,PR,30216,311217,1,21.2419,,,,AWAIT CATEGORY,C,FJ1
PRICELIST,17043120M,PRODUCT DESCRIPTION 4699,9U,60,PR,30216,311217,1,20.2420,,,,AWAIT CATEGORY,C,FJ1
PRICELIST,17044130M,PRODUCT DESCRIPTION 4700,9U,60,PR,30216,311217,1,21.2420,,,,AWAIT CATEGORY,C,FJ1
PRICELIST,17045130M,PRODUCT DESCRIPTION 4701,90,60,PR,30216,311217,1,20.2421,,,,AWAIT CATEGORY,M,FJ1
PRICELIST,17046070M,PRODUCT DESCRIPTION 4702,90,60,PR,30216,311217,1,21.2421,,,,AWAIT CATEGORY,M,FJ1
PRICELIST,17047075M,PRODUCT DESCRIPTION 4703,90,60,PR,30216,311217,1,20.2422,,,,AWAIT CATEGORY,M,FJ1
PRICELIST,17048080M,PRODUCT DESCRIPTION 4704,90,60,PR,30216,311217,1,21.2422,,,,AWAIT CATEGORY,M,FJ1
PRICELIST,17049085M,PRODUCT DESCRIPTION 4705,90,60,PR,30216,311217,1,20.2423,,,,AWAIT CATEGORY,M,FJ1
PRICELIST,17050090M,PRODUCT DESCRIPTION 4706,90,60,PR,30216,311217,1,21.2423,,,,AWAIT CATEGORY,M,FJ1
PRICELIST,17051095M,PRODUCT DESCRIPTION 4707,90,60,PR,30216,311217,1,20.2424,,,,AWAIT CATEGORY,M,FJ1
PRICELIST,17052100M,PRODUCT DESCRIPTION 4708,90,60,PR,30216,311217,1,21.2424,,,,AWAIT CATEGORY,M,FJ1
PRICELIST,17053105M,PRODUCT DESCRIPTION 4709,90,60,PR,30216,311217,1,20.2425,,,,AWAIT CATEGORY,M,FJ1
PRICELIST,17054110M,PRODUCT DESCRIPTION 4710,90,60,PR,30216,311217,1,21.2425,,,,AWAIT CATEGORY,M,FJ1
PRICELIST,17055115M,PRODUCT DESCRIPTION 4711,90,60,PR,30216,311217,1,20.2426,,,,AWAIT CATEGORY,M,FJ1
PRICELIST,17056120M,PRODUCT DESCRIPTION 4712,90,60,PR,30216,311217,1,21.2426,,,,AWAIT CATEGORY,M,FJ1
PRICELIST,17057130M,PRODUCT DESCRIPTION 4713,90,60,PR,30216,311217,1,20.2427,,,,AWAIT CATEGORY,M,FJ1
PRICELIST,17058070M,PRODUCT DESCRIPTION 4714,90,60,PR,30216,311217,1,21.2427,,,,AWAIT CATEGORY,M,FJ1
PRICELIST,17059075M,PRODUCT DESCRIPTION 4715,90,60,PR,30216,311217,1,20.2428,,,,AWAIT CATEGORY,M,FJ1
PRICELIST,17060080M,PRODUCT DESCRIPTION 4716,90,60,PR,30216,311217,1,21.2428,,,,AWAIT CATEGORY,M,FJ1
PRICELIST,17061085M,PRODUCT DESCRIPTION 4717,90,60,PR,30216,311217,1,20.2429,,,,AWAIT CATEGORY,M,FJ1
PRICELIST,17062090M,PRODUCT DESCRIPTION 4718,90,60,PR,30216,311217,1,21.2429,,,,AWAIT CATEGORY,M,FJ1
PRICELIST,17063095M,PRODUCT DESCRIPTION 4719,90,60,PR,30216,311217,1,20.2430,,,,AWAIT CATEGORY,M,FJ1
PRICELIST,17064100M,PRODUCT DESCRIPTION 4720,90,60,PR,30216,311217,1,21.2430,,,,AWAIT CATEGORY,M,FJ1
PRICELIST,17065105M,PRODUCT DESCRIPTION 4721,90,60,PR,30216,311217,1,20.2431,,,,AWAIT CATEGORY,M,FJ1
PRICELIST,17066110M,PRODUCT DESCRIPTION 4722,90,60,PR,30216,311217,1,21.2431,,,,AWAIT CATEGORY,M,FJ1
PRICELIST,17067115M,PRODUCT DESCRIPTION 4723,90,60,PR,30216,311217,1,20.2432,,,,AWAIT CATEGORY,M,FJ1
PRICELIST,17068120M,PRODUCT DESCRIPTION 4724,90,60,PR,30216,311217,1,21.2432,,,,AWAIT CATEGORY,M,FJ1
PRICELIST,17069130M,PRODUCT DESCRIPTION 4725,90,60,PR,30216,311217,1,20.2433,,,,AWAIT CATEGORY,M,FJ1
PRICELIST,17070070M,PRODUCT DESCRIPTION 4726,90,60,PR,30216,311217,1,21.2433,,,,AWAIT CATEGORY,M,FJ1
PRICELIST,17071075M,PRODUCT DESCRIPTION 4727,90,60,PR,30216,311217,1,20.2434,,,,AWAIT CATEGORY,M,FJ1
PRICELIST,17072080M,PRODUCT DESCRIPTION 4728,90,60,PR,30216,311217,1,21.2434,,,,AWAIT CATEGORY,M,FJ1
PRICELIST,17073085M,PRODUCT DESCRIPTION 4729,90,60,PR,30216,311217,1,20.2435,,,,AWAIT CATEGORY,M,FJ1
PRICELIST,17074090M,PRODUCT DESCRIPTION 4730,90,60,PR,30216,311217,1,21.2435,,,,AWAIT CATEGORY,M,FJ1
PRICELIST,17075095M,PRODUCT DESCRIPTION 4731,90,60,PR,30216,311217,1,20.2436,,,,AWAIT CATEGORY,M,FJ1
PRICELIST,17076100M,PRODUCT DESCRIPTION 4732,90,60,PR,30216,311217,1,21.2436,,,,AWAIT CATEGORY,M,FJ1
PRICELIST,17077105M,PRODUCT DESCRIPTION 4733,90,60,PR,30216,311217,1,20.2437,,,,AWAIT CATEGORY,M,FJ1
PRICELIST,17078110M,PRODUCT DESCRIPTION 4734,90,60,PR,30216,311217,1,21.2437,,,,AWAIT CATEGORY,M,FJ1
PRICELIST,17079115M,PRODUCT DESCRIPTION 4735,90,60,PR,30216,311217,1,20.2438,,,,AWAIT CATEGORY,M,FJ1
PRICELIST,17080120M,PRODUCT DESCRIPTION 4736,90,60,PR,30216,311217,1,21.2438,,,,AWAIT CATEGORY,M,FJ1
PRICELIST,17081130M,PRODUCT DESCRIPTION 4737,90,60,PR,30216,311217,1,20.2439,,,,AWAIT CATEGORY,M,FJ1
PRICELIST,17082070M,PRODUCT DESCRIPTION 4738,90,60,PR,30216,311217,1,21.2439,,,,AWAIT CATEGORY,M,FJ1
PRICELIST,17083075M,PRODUCT DESCRIPTION 4739,90,60,PR,30216,311217,1,20.2440,,,,AWAIT CATEGORY,M,FJ1
PRICELIST,17084080M,PRODUCT DESCRIPTION 4740,90,60,PR,30216,311217,1,21.2440,,,,AWAIT CATEGORY,M,FJ1
PRICELIST,17085085M,PRODUCT DESCRIPTION 4741,90,60,PR,30216,311217,1,20.2441,,,,AWAIT CATEGORY,M,FJ1
PRICELIST,17086090M,PRODUCT DESCRIPTION 4742,90,60,PR,30216,311217,1,21.2441,,,,AWAIT CATEGORY,M,FJ1
PRICELIST,17087095M,PRODUCT DESCRIPTION 4743,9Z,60,PR,30216,311217,1,20.2442,,,,AWAIT CATEGORY,M,FJ1
PRICELIST,17088100M,PRODUCT DESCRIPTION 4744,9Z,60,PR,30216,311217,1,21.2442,,,,AWAIT CATEGORY,M,FJ1
PRICELIST,17089105M,PRODUCT DESCRIPTION 4745,9Z,60,PR,30216,311217,1,20.2443,,,,AWAIT CATEGORY,M,FJ1
PRICELIST,17090110M,PRODUCT DESCRIPTION 4746,9Z,60,PR,30216,311217,1,21.2443,,,,AWAIT CATEGORY,M,FJ1
PRICELIST,17091115M,PRODUCT DESCRIPTION 4747,9Z,60,PR,30216,311217,1,20.2444,,,,AWAIT CATEGORY,M,FJ1
PRICELIST,17092120M,PRODUCT DESCRIPTION 4748,9Z,60,PR,30216,311217,1,21.2444,,,,AWAIT CATEGORY,M,FJ1
PRICELIST,17093130M,PRODUCT DESCRIPTION 4749,9Z,60,PR,30216,311217,1,20.2445,,,,AWAIT CATEGORY,M,FJ1
PRICELIST,17094070M,PRODUCT DESCRIPTION 4750,9Z,60,PR,30216,311217,1,21.2445,,,,AWAIT CATEGORY,M,FJ1
PRICELIST,17095075M,PRODUCT DESCRIPTION 4751,9Z,60,PR,30216,311217,1,20.2446,,,,AWAIT CATEGORY,M,FJ1
PRICELIST,17096080M,PRODUCT DESCRIPTION 4752,9Z,60,PR,30216,311217,1,21.2446,,,,AWAIT CATEGORY,M,FJ1
PRICELIST,17097085M,PRODUCT DESCRIPTION 4753,9Z,60,PR,30216,311217,1,20.2447,,,,AWAIT CATEGORY,M,FJ1
PRICELIST,17098090M,PRODUCT DESCRIPTION 4754,9Z,60,PR,30216,311217,1,21.2447,,,,AWAIT CATEGORY,M,FJ1
PRICELIST,17099095M,PRODUCT DESCRIPTION 4755,9Z,60,PR,30216,311217,1,20.2448,,,,AWAIT CATEGORY,M,FJ1
PRICELIST,17100100M,PRODUCT DESCRIPTION 4756,9Z,60,PR,30216,311217,1,21.2448,,,,AWAIT CATEGORY,M,FJ1
PRICELIST,17101105M,PRODUCT DESCRIPTION 4757,9Z,60,PR,30216,311217,1,20.2449,,,,AWAIT CATEGORY,M,FJ1
PRICELIST,17102110M,PRODUCT DESCRIPTION 4758,9Z,60,PR,30216,311217,1,21.2449,,,,AWAIT CATEGORY,M,FJ1
PRICELIST,17103115M,PRODUCT DESCRIPTION 4759,9Z,60,PR,30216,311217,1,20.2450,,,,AWAIT CATEGORY,M,FJ1
PRICELIST,17104120M,PRODUCT DESCRIPTION 4760,9Z,60,PR,30216,311217,1,21.2450,,,,AWAIT CATEGORY,M,FJ1
PRICELIST,17105130M,PRODUCT DESCRIPTION 4761,9Z,60,PR,30216,311217,1,20.2451,,,,AWAIT CATEGORY,M,FJ1
PRICELIST,17106070M,PRODUCT DESCRIPTION 4762,9Z,60,PR,30216,311217,1,21.2451,,,,AWAIT CATEGORY,M,FJ1
PRICELIST,17107075M,PRODUCT DESCRIPTION 4763,9Z,60,PR,30216,311217,1,20.2452,,,,AWAIT CATEGORY,M,FJ1
PRICELIST,17108080M,PRODUCT DESCRIPTION 4764,9Z,60,PR,30216,311217,1,21.2452,,,,AWAIT CATEGORY,M,FJ1
PRICELIST,17109085M,PRODUCT DESCRIPTION 4765,9Z,60,PR,30216,311217,1,20.2453,,,,AWAIT CATEGORY,M,FJ1
PRICELIST,17110090M,PRODUCT DESCRIPTION 4766,9Z,60,PR,30216,311217,1,21.2453,,,,AWAIT CATEGORY,M,FJ1
PRICELIST,17111095M,PRODUCT DESCRIPTION 4767,9Z,60,PR,30216,311217,1,20.2454,,,,AWAIT CATEGORY,M,FJ1
PRICELIST,17112100M,PRODUCT DESCRIPTION 4768,9Z,60,PR,30216,311217,1,21.2454,,,,AWAIT CATEGORY,M,FJ1
PRICELIST,17113105M,PRODUCT DESCRIPTION 4769,9Z,60,PR,30216,311217,1,20.2455,,,,AWAIT CATEGORY,M,FJ1
PRICELIST,17114110M,PRODUCT DESCRIPTION 4770,9Z,60,PR,30216,311217,1,21.2455,,,,AWAIT CATEGORY,M,FJ1
PRICELIST,17115115M,PRODUCT DESCRIPTION 4771,9Z,60,PR,30216,311217,1,20.2456,,,,AWAIT CATEGORY,M,FJ1
PRICELIST,17116120M,PRODUCT DESCRIPTION 4772,9Z,60,PR,30216,311217,1,21.2456,,,,AWAIT CATEGORY,M,FJ1
PRICELIST,17117130M,PRODUCT DESCRIPTION 4773,9Z,60,PR,30216,311217,1,20.2457,,,,AWAIT CATEGORY,M,FJ1
PRICELIST,17118070M,PRODUCT DESCRIPTION 4774,9Z,60,PR,30216,311217,1,21.2457,,,,AWAIT CATEGORY,M,FJ1
PRICELIST,17119075M,PRODUCT DESCRIPTION 4775,9Z,60,PR,30216,311217,1,20.2458,,,,AWAIT CATEGORY,M,FJ1
PRICELIST,17120080M,PRODUCT DESCRIPTION 4776,9Z,60,PR,30216,311217,1,21.2458,,,,AWAIT CATEGORY,M,FJ1
PRICELIST,17121085M,PRODUCT DESCRIPTION 4777,9Z,60,PR,30216,311217,1,20.2459,,,,AWAIT CATEGORY,M,FJ1
PRICELIST,17122090M,PRODUCT DESCRIPTION 4778,9Z,60,PR,30216,311217,1,21.2459,,,,AWAIT CATEGORY,M,FJ1
PRICELIST,17123095M,PRODUCT DESCRIPTION 4779,9Z,60,PR,30216,311217,1,20.2460,,,,AWAIT CATEGORY,M,FJ1
PRICELIST,17124100M,PRODUCT DESCRIPTION 4780,9Z,60,PR,30216,311217,1,21.2460,,,,AWAIT CATEGORY,M,FJ1
PRICELIST,17125105M,PRODUCT DESCRIPTION 4781,9Z,60,PR,30216,311217,1,20.2461,,,,AWAIT CATEGORY,M,FJ1
PRICELIST,17126110M,PRODUCT DESCRIPTION 4782,9Z,60,PR,30216,311217,1,21.2461,,,,AWAIT CATEGORY,M,FJ1
PRICELIST,17127115M,PRODUCT DESCRIPTION 4783,9Z,60,PR,30216,311217,1,20.2462,,,,AWAIT CATEGORY,M,FJ1
PRICELIST,17128120M,PRODUCT DESCRIPTION 4784,9Z,60,PR,30216,311217,1,21.2462,,,,AWAIT CATEGORY,M,FJ1
PRICELIST,17129130M,PRODUCT DESCRIPTION 4785,9Z,60,PR,30216,311217,1,20.2463,,,,AWAIT CATEGORY,M,FJ1
PRICELIST,17130070M,PRODUCT DESCRIPTION 4786,9Z,60,PR,30216,311217,1,21.2463,,,,AWAIT CATEGORY,M,FJ1
PRICELIST,17131075M,PRODUCT DESCRIPTION 4787,9Z,60,PR,30216,311217,1,20.2464,,,,AWAIT CATEGORY,M,FJ1
PRICELIST,17132080M,PRODUCT DESCRIPTION 4788,9Z,60,PR,30216,311217,1,21.2464,,,,AWAIT CATEGORY,M,FJ1
PRICELIST,17133085M,PRODUCT DESCRIPTION 4789,9Z,60,PR,30216,311217,1,20.2465,,,,AWAIT CATEGORY,M,FJ1
PRICELIST,17134090M,PRODUCT DESCRIPTION 4790,9Z,60,PR,30216,311217,1,21.2465,,,,AWAIT CATEGORY,M,FJ1
PRICELIST,17135095M,PRODUCT DESCRIPTION 4791,9Z,60,PR,30216,311217,1,20.2466,,,,AWAIT CATEGORY,M,FJ1
PRICELIST,17136100M,PRODUCT DESCRIPTION 4792,9Z,60,PR,30216,311217,1,21.2466,,,,AWAIT CATEGORY,M,FJ1
PRICELIST,17137105M,PRODUCT DESCRIPTION 4793,9Z,60,PR,30216,311217,1,20.2467,,,,AWAIT CATEGORY,M,FJ1
PRICELIST,17138110M,PRODUCT DESCRIPTION 4794,9Z,60,PR,30216,311217,1,21.2467,,,,AWAIT CATEGORY,M,FJ1
PRICELIST,17139115M,PRODUCT DESCRIPTION 4795,9Z,60,PR,30216,311217,1,20.2468,,,,AWAIT CATEGORY,M,FJ1
PRICELIST,17140120M,PRODUCT DESCRIPTION 4796,9Z,60,PR,30216,311217,1,21.2468,,,,AWAIT CATEGORY,M,FJ1
PRICELIST,17141130M,PRODUCT DESCRIPTION 4797,9Z,60,PR,30216,311217,1,20.2469,,,,AWAIT CATEGORY,M,FJ1
PRICELIST,17142095M,PRODUCT DESCRIPTION 4798,9Z,60,PR,30216,311217,1,21.2469,,,,AWAIT CATEGORY,M,FJ1
PRICELIST,17143100M,PRODUCT DESCRIPTION 4799,9Z,60,PR,30216,311217,1,20.2470,,,,AWAIT CATEGORY,M,FJ1
PRICELIST,17144105M,PRODUCT DESCRIPTION 4800,9Z,60,PR,30216,311217,1,21.2470,,,,AWAIT CATEGORY,C,FJ1
PRICELIST,17145110M,PRODUCT DESCRIPTION 4801,9Z,60,PR,30216,311217,1,20.2471,,,,AWAIT CATEGORY,M,FJ1
PRICELIST,17146115M,PRODUCT DESCRIPTION 4802,9Z,60,PR,30216,311217,1,21.2471,,,,AWAIT CATEGORY,C,FJ1
PRICELIST,17147120M,PRODUCT DESCRIPTION 4803,9Z,60,PR,30216,311217,1,20.2472,,,,AWAIT CATEGORY,M,FJ1
PRICELIST,17148130M,PRODUCT DESCRIPTION 4804,9Z,60,PR,30216,311217,1,21.2472,,,,AWAIT CATEGORY,C,FJ1
PRICELIST,17149070M,PRODUCT DESCRIPTION 4805,9Z,60,PR,30216,311217,1,20.2473,,,,AWAIT CATEGORY,M,FJ1
PRICELIST,17150075M,PRODUCT DESCRIPTION 4806,9Z,60,PR,30216,311217,1,21.2473,,,,AWAIT CATEGORY,C,FJ1
PRICELIST,17151080M,PRODUCT DESCRIPTION 4807,9Z,60,PR,30216,311217,1,20.2474,,,,AWAIT CATEGORY,M,FJ1
PRICELIST,17152085M,PRODUCT DESCRIPTION 4808,9Z,60,PR,30216,311217,1,21.2474,,,,AWAIT CATEGORY,C,FJ1
PRICELIST,17153090M,PRODUCT DESCRIPTION 4809,9Z,60,PR,30216,311217,1,20.2475,,,,AWAIT CATEGORY,M,FJ1
PRICELIST,17154095M,PRODUCT DESCRIPTION 4810,9Z,60,PR,30216,311217,1,21.2475,,,,AWAIT CATEGORY,C,FJ1
PRICELIST,17155100M,PRODUCT DESCRIPTION 4811,9Z,60,PR,30216,311217,1,20.2476,,,,AWAIT CATEGORY,M,FJ1
PRICELIST,17156105M,PRODUCT DESCRIPTION 4812,9Z,60,PR,30216,311217,1,21.2476,,,,AWAIT CATEGORY,C,FJ1
PRICELIST,17157110M,PRODUCT DESCRIPTION 4813,9Z,60,PR,30216,311217,1,20.2477,,,,AWAIT CATEGORY,M,FJ1
PRICELIST,17158115M,PRODUCT DESCRIPTION 4814,9Z,60,PR,30216,311217,1,21.2477,,,,AWAIT CATEGORY,C,FJ1
PRICELIST,17159120M,PRODUCT DESCRIPTION 4815,9Z,60,PR,30216,311217,1,20.2478,,,,AWAIT CATEGORY,M,FJ1
PRICELIST,17160130M,PRODUCT DESCRIPTION 4816,9Z,60,PR,30216,311217,1,21.2478,,,,AWAIT CATEGORY,C,FJ1
PRICELIST,17161130M,PRODUCT DESCRIPTION 4817,9Z,60,PR,30216,311217,1,20.2479,,,,AWAIT CATEGORY,M,FJ1
PRICELIST,17162070M,PRODUCT DESCRIPTION 4818,9Z,60,PR,30216,311217,1,21.2479,,,,AWAIT CATEGORY,M,FJ1
PRICELIST,17163075M,PRODUCT DESCRIPTION 4819,9Z,60,PR,30216,311217,1,20.2480,,,,AWAIT CATEGORY,M,FJ1
PRICELIST,17164080M,PRODUCT DESCRIPTION 4820,9Z,60,PR,30216,311217,1,21.2480,,,,AWAIT CATEGORY,M,FJ1
PRICELIST,17165085M,PRODUCT DESCRIPTION 4821,9Z,60,PR,30216,311217,1,20.2481,,,,AWAIT CATEGORY,M,FJ1
PRICELIST,17166090M,PRODUCT DESCRIPTION 4822,9Z,60,PR,30216,311217,1,21.2481,,,,AWAIT CATEGORY,M,FJ1
PRICELIST,17167095M,PRODUCT DESCRIPTION 4823,9Z,60,PR,30216,311217,1,20.2482,,,,AWAIT CATEGORY,M,FJ1
PRICELIST,17168100M,PRODUCT DESCRIPTION 4824,9Z,60,PR,30216,311217,1,21.2482,,,,AWAIT CATEGORY,M,FJ1
PRICELIST,17169105M,PRODUCT DESCRIPTION 4825,9Z,60,PR,30216,311217,1,20.2483,,,,AWAIT CATEGORY,M,FJ1
PRICELIST,17170110M,PRODUCT DESCRIPTION 4826,9Z,60,PR,30216,311217,1,21.2483,,,,AWAIT CATEGORY,M,FJ1
PRICELIST,17171115M,PRODUCT DESCRIPTION 4827,9Z,60,PR,30216,311217,1,20.2484,,,,AWAIT CATEGORY,M,FJ1
PRICELIST,17172120M,PRODUCT DESCRIPTION 4828,9Z,60,PR,30216,311217,1,21.2484,,,,AWAIT CATEGORY,M,FJ1
PRICELIST,17173130M,PRODUCT DESCRIPTION 4829,9Z,60,PR,30216,311217,1,20.2485,,,,AWAIT CATEGORY,M,FJ1
PRICELIST,17174130M,PRODUCT DESCRIPTION 4830,9Z,60,PR,30216,311217,1,21.2485,,,,AWAIT CATEGORY,M,FJ1
PRICELIST,17175070M,PRODUCT DESCRIPTION 4831,9Z,60,PR,30216,311217,1,20.2486,,,,AWAIT CATEGORY,M,FJ1
PRICELIST,17176075M,PRODUCT DESCRIPTION 4832,9Z,60,PR,30216,311217,1,21.2486,,,,AWAIT CATEGORY,M,FJ1
PRICELIST,17177080M,PRODUCT DESCRIPTION 4833,9Z,60,PR,30216,311217,1,20.2487,,,,AWAIT CATEGORY,M,FJ1
PRICELIST,17178085M,PRODUCT DESCRIPTION 4834,9Z,60,PR,30216,311217,1,21.2487,,,,AWAIT CATEGORY,M,FJ1
PRICELIST,17179090M,PRODUCT DESCRIPTION 4835,9Z,60,PR,30216,311217,1,20.2488,,,,AWAIT CATEGORY,M,FJ1
PRICELIST,17180095M,PRODUCT DESCRIPTION 4836,9Z,60,PR,30216,311217,1,21.2488,,,,AWAIT CATEGORY,M,FJ1
PRICELIST,17181100M,PRODUCT DESCRIPTION 4837,9Z,60,PR,30216,311217,1,20.2489,,,,AWAIT CATEGORY,M,FJ1
PRICELIST,17182105M,PRODUCT DESCRIPTION 4838,9Z,60,PR,30216,311217,1,21.2489,,,,AWAIT CATEGORY,M,FJ1
PRICELIST,17183110M,PRODUCT DESCRIPTION 4839,9Z,60,PR,30216,311217,1,20.2490,,,,AWAIT CATEGORY,M,FJ1
PRICELIST,17184115M,PRODUCT DESCRIPTION 4840,9Z,60,PR,30216,311217,1,21.2490,,,,AWAIT CATEGORY,M,FJ1
PRICELIST,17185120M,PRODUCT DESCRIPTION 4841,9Z,60,PR,30216,311217,1,20.2491,,,,AWAIT CATEGORY,M,FJ1
PRICELIST,17186130M,PRODUCT DESCRIPTION 4842,9Z,60,PR,30216,311217,1,21.2491,,,,AWAIT CATEGORY,M,FJ1
PRICELIST,17187070M,PRODUCT DESCRIPTION 4843,9Z,60,PR,30216,311217,1,20.2492,,,,AWAIT CATEGORY,M,FJ1
PRICELIST,17188075M,PRODUCT DESCRIPTION 4844,9Z,60,PR,30216,311217,1,21.2492,,,,AWAIT CATEGORY,M,FJ1
PRICELIST,17189080M,PRODUCT DESCRIPTION 4845,9Z,60,PR,30216,311217,1,20.2493,,,,AWAIT CATEGORY,M,FJ1
PRICELIST,17190085M,PRODUCT DESCRIPTION 4846,9Z,60,PR,30216,311217,1,21.2493,,,,AWAIT CATEGORY,M,FJ1
PRICELIST,17191090M,PRODUCT DESCRIPTION 4847,9Z,60,PR,30216,311217,1,20.2494,,,,AWAIT CATEGORY,M,FJ1
PRICELIST,17192095M,PRODUCT DESCRIPTION 4848,9Z,60,PR,30216,311217,1,21.2494,,,,AWAIT CATEGORY,M,FJ1
PRICELIST,17193100M,PRODUCT DESCRIPTION 4849,9Z,60,PR,30216,311217,1,20.2495,,,,AWAIT CATEGORY,M,FJ1
PRICELIST,17194105M,PRODUCT DESCRIPTION 4850,9Z,60,PR,30216,311217,1,21.2495,,,,AWAIT CATEGORY,M,FJ1
PRICELIST,17195110M,PRODUCT DESCRIPTION 4851,9Z,60,PR,30216,311217,1,20.2496,,,,AWAIT CATEGORY,M,FJ1
PRICELIST,17196115M,PRODUCT DESCRIPTION 4852,9Z,60,PR,30216,311217,1,21.2496,,,,AWAIT CATEGORY,M,FJ1
PRICELIST,17197120M,PRODUCT DESCRIPTION 4853,9Z,60,PR,30216,311217,1,20.2497,,,,AWAIT CATEGORY,M,FJ1
PRICELIST,17198130M,PRODUCT DESCRIPTION 4854,9Z,60,PR,30216,311217,1,21.2497,,,,AWAIT CATEGORY,M,FJ1
PRICELIST,17199070M,PRODUCT DESCRIPTION 4855,9Z,60,PR,30216,311217,1,20.2498,,,,AWAIT CATEGORY,M,FJ1
PRICELIST,17200075M,PRODUCT DESCRIPTION 4856,9Z,60,PR,30216,311217,1,21.2498,,,,AWAIT CATEGORY,M,FJ1
PRICELIST,17201080M,PRODUCT DESCRIPTION 4857,9Z,60,PR,30216,311217,1,20.2499,,,,AWAIT CATEGORY,M,FJ1
PRICELIST,17202085M,PRODUCT DESCRIPTION 4858,9Z,60,PR,30216,311217,1,21.2499,,,,AWAIT CATEGORY,M,FJ1
PRICELIST,17203090M,PRODUCT DESCRIPTION 4859,9Z,60,PR,30216,311217,1,20.2500,,,,AWAIT CATEGORY,M,FJ1
PRICELIST,17204095M,PRODUCT DESCRIPTION 4860,9Z,60,PR,30216,311217,1,21.2500,,,,AWAIT CATEGORY,M,FJ1
PRICELIST,17205100M,PRODUCT DESCRIPTION 4861,9Z,60,PR,30216,311217,1,20.2501,,,,AWAIT CATEGORY,M,FJ1
PRICELIST,17206105M,PRODUCT DESCRIPTION 4862,9P,60,PR,30216,311217,1,21.2501,,,,AWAIT CATEGORY,C,FJ1
PRICELIST,17207110M,PRODUCT DESCRIPTION 4863,9I,60,PR,30216,311217,1,20.2502,,,,AWAIT CATEGORY,M,FJ1
PRICELIST,17208115M,PRODUCT DESCRIPTION 4864,9I,60,PR,30216,311217,1,21.2502,,,,AWAIT CATEGORY,M,FJ1
PRICELIST,17209120M,PRODUCT DESCRIPTION 4865,9I,60,PR,30216,311217,1,20.2503,,,,AWAIT CATEGORY,M,FJ1
PRICELIST,17210130M,PRODUCT DESCRIPTION 4866,9I,60,PR,30216,311217,1,21.2503,,,,AWAIT CATEGORY,M,FJ1
PRICELIST,17211070M,PRODUCT DESCRIPTION 4867,9I,60,PR,30216,311217,1,20.2504,,,,AWAIT CATEGORY,M,FJ1
PRICELIST,17212075M,PRODUCT DESCRIPTION 4868,9P,60,PR,30216,311217,1,21.2504,,,,AWAIT CATEGORY,C,FJ1
PRICELIST,17213080M,PRODUCT DESCRIPTION 4869,9P,60,PR,30216,311217,1,20.2505,,,,AWAIT CATEGORY,C,FJ1
PRICELIST,17214085M,PRODUCT DESCRIPTION 4870,9P,60,PR,30216,311217,1,21.2505,,,,AWAIT CATEGORY,C,FJ1
PRICELIST,17215090M,PRODUCT DESCRIPTION 4871,9P,60,PR,30216,311217,1,20.2506,,,,AWAIT CATEGORY,C,FJ1
PRICELIST,17216095M,PRODUCT DESCRIPTION 4872,9P,60,PR,30216,311217,1,21.2506,,,,AWAIT CATEGORY,C,FJ1
PRICELIST,17217100M,PRODUCT DESCRIPTION 4873,9P,60,PR,30216,311217,1,20.2507,,,,AWAIT CATEGORY,C,FJ1
PRICELIST,17218105M,PRODUCT DESCRIPTION 4874,9P,60,PR,30216,311217,1,21.2507,,,,AWAIT CATEGORY,C,FJ1
PRICELIST,17219110M,PRODUCT DESCRIPTION 4875,9P,60,PR,30216,311217,1,20.2508,,,,AWAIT CATEGORY,C,FJ1
PRICELIST,17220115M,PRODUCT DESCRIPTION 4876,9P,60,PR,30216,311217,1,21.2508,,,,AWAIT CATEGORY,C,FJ1
PRICELIST,17221120M,PRODUCT DESCRIPTION 4877,9P,60,PR,30216,311217,1,20.2509,,,,AWAIT CATEGORY,C,FJ1
PRICELIST,17222130M,PRODUCT DESCRIPTION 4878,9P,60,PR,30216,311217,1,21.2509,,,,AWAIT CATEGORY,C,FJ1
PRICELIST,17223070M,PRODUCT DESCRIPTION 4879,9P,60,PR,30216,311217,1,20.2510,,,,AWAIT CATEGORY,C,FJ1
PRICELIST,17224075M,PRODUCT DESCRIPTION 4880,9P,60,PR,30216,311217,1,21.2510,,,,AWAIT CATEGORY,C,FJ1
PRICELIST,17225080M,PRODUCT DESCRIPTION 4881,9P,60,PR,30216,311217,1,20.2511,,,,AWAIT CATEGORY,C,FJ1
PRICELIST,17226085M,PRODUCT DESCRIPTION 4882,9P,60,PR,30216,311217,1,21.2511,,,,AWAIT CATEGORY,C,FJ1
PRICELIST,17227090M,PRODUCT DESCRIPTION 4883,9P,60,PR,30216,311217,1,20.2512,,,,AWAIT CATEGORY,C,FJ1
PRICELIST,17228095M,PRODUCT DESCRIPTION 4884,9K,60,PR,30216,311217,1,21.2512,,,,AWAIT CATEGORY,C,FJ1
PRICELIST,17229100M,PRODUCT DESCRIPTION 4885,9K,60,PR,30216,311217,1,20.2513,,,,AWAIT CATEGORY,C,FJ1
PRICELIST,17230105M,PRODUCT DESCRIPTION 4886,9K,60,PR,30216,311217,1,21.2513,,,,AWAIT CATEGORY,C,FJ1
PRICELIST,17231110M,PRODUCT DESCRIPTION 4887,9K,60,PR,30216,311217,1,20.2514,,,,AWAIT CATEGORY,C,FJ1
PRICELIST,17232115M,PRODUCT DESCRIPTION 4888,9K,60,PR,30216,311217,1,21.2514,,,,AWAIT CATEGORY,C,FJ1
PRICELIST,17233120M,PRODUCT DESCRIPTION 4889,9K,60,PR,30216,311217,1,20.2515,,,,AWAIT CATEGORY,C,FJ1
PRICELIST,17234130M,PRODUCT DESCRIPTION 4890,9K,60,PR,30216,311217,1,21.2515,,,,AWAIT CATEGORY,C,FJ1
PRICELIST,17235070M,PRODUCT DESCRIPTION 4891,9K,60,PR,30216,311217,1,20.2516,,,,AWAIT CATEGORY,C,FJ1
PRICELIST,17236075M,PRODUCT DESCRIPTION 4892,9K,60,PR,30216,311217,1,21.2516,,,,AWAIT CATEGORY,C,FJ1
PRICELIST,17237080M,PRODUCT DESCRIPTION 4893,9K,60,PR,30216,311217,1,20.2517,,,,AWAIT CATEGORY,C,FJ1
PRICELIST,17238085M,PRODUCT DESCRIPTION 4894,9K,60,PR,30216,311217,1,21.2517,,,,AWAIT CATEGORY,C,FJ1
PRICELIST,17239090M,PRODUCT DESCRIPTION 4895,9K,60,PR,30216,311217,1,20.2518,,,,AWAIT CATEGORY,C,FJ1
PRICELIST,17240095M,PRODUCT DESCRIPTION 4896,9K,60,PR,30216,311217,1,21.2518,,,,AWAIT CATEGORY,M,FJ1
PRICELIST,17241100M,PRODUCT DESCRIPTION 4897,9K,60,PR,30216,311217,1,20.2519,,,,AWAIT CATEGORY,M,FJ1
PRICELIST,17242105M,PRODUCT DESCRIPTION 4898,9K,60,PR,30216,311217,1,21.2519,,,,AWAIT CATEGORY,M,FJ1
PRICELIST,17243110M,PRODUCT DESCRIPTION 4899,9K,60,PR,30216,311217,1,20.2520,,,,AWAIT CATEGORY,M,FJ1
PRICELIST,17244115M,PRODUCT DESCRIPTION 4900,9K,60,PR,30216,311217,1,21.2520,,,,AWAIT CATEGORY,M,FJ1
PRICELIST,17245120M,PRODUCT DESCRIPTION 4901,9K,60,PR,30216,311217,1,20.2521,,,,AWAIT CATEGORY,M,FJ1
PRICELIST,17246130M,PRODUCT DESCRIPTION 4902,9K,60,PR,30216,311217,1,21.2521,,,,AWAIT CATEGORY,M,FJ1
PRICELIST,17247070M,PRODUCT DESCRIPTION 4903,9K,60,PR,30216,311217,1,20.2522,,,,AWAIT CATEGORY,M,FJ1
PRICELIST,17248075M,PRODUCT DESCRIPTION 4904,9K,60,PR,30216,311217,1,21.2522,,,,AWAIT CATEGORY,M,FJ1
PRICELIST,17249080M,PRODUCT DESCRIPTION 4905,9K,60,PR,30216,311217,1,20.2523,,,,AWAIT CATEGORY,M,FJ1
PRICELIST,17250085M,PRODUCT DESCRIPTION 4906,9K,60,PR,30216,311217,1,21.2523,,,,AWAIT CATEGORY,M,FJ1
PRICELIST,17251090M,PRODUCT DESCRIPTION 4907,9K,60,PR,30216,311217,1,20.2524,,,,AWAIT CATEGORY,M,FJ1
PRICELIST,17252095M,PRODUCT DESCRIPTION 4908,9K,60,PR,30216,311217,1,21.2524,,,,AWAIT CATEGORY,M,FJ1
PRICELIST,17253100M,PRODUCT DESCRIPTION 4909,9K,60,PR,30216,311217,1,20.2525,,,,AWAIT CATEGORY,M,FJ1
PRICELIST,17254105M,PRODUCT DESCRIPTION 4910,9K,60,PR,30216,311217,1,21.2525,,,,AWAIT CATEGORY,M,FJ1
PRICELIST,17255110M,PRODUCT DESCRIPTION 4911,9K,60,PR,30216,311217,1,20.2526,,,,AWAIT CATEGORY,M,FJ1
PRICELIST,17256115M,PRODUCT DESCRIPTION 4912,9K,60,PR,30216,311217,1,21.2526,,,,AWAIT CATEGORY,M,FJ1
PRICELIST,17257120M,PRODUCT DESCRIPTION 4913,9K,60,PR,30216,311217,1,20.2527,,,,AWAIT CATEGORY,M,FJ1
PRICELIST,17258130M,PRODUCT DESCRIPTION 4914,9K,60,PR,30216,311217,1,21.2527,,,,AWAIT CATEGORY,M,FJ1
PRICELIST,17259070M,PRODUCT DESCRIPTION 4915,9K,60,PR,30216,311217,1,20.2528,,,,AWAIT CATEGORY,M,FJ1
PRICELIST,17260075M,PRODUCT DESCRIPTION 4916,9K,60,PR,30216,311217,1,21.2528,,,,AWAIT CATEGORY,M,FJ1
PRICELIST,17261080M,PRODUCT DESCRIPTION 4917,9K,60,PR,30216,311217,1,20.2529,,,,AWAIT CATEGORY,M,FJ1
PRICELIST,17262085M,PRODUCT DESCRIPTION 4918,9K,60,PR,30216,311217,1,21.2529,,,,AWAIT CATEGORY,M,FJ1
PRICELIST,17263090M,PRODUCT DESCRIPTION 4919,9K,60,PR,30216,311217,1,20.2530,,,,AWAIT CATEGORY,M,FJ1
PRICELIST,17264095M,PRODUCT DESCRIPTION 4920,9K,60,PR,30216,311217,1,21.2530,,,,AWAIT CATEGORY,C,FJ1
PRICELIST,17265100M,PRODUCT DESCRIPTION 4921,9K,60,PR,30216,311217,1,20.2531,,,,AWAIT CATEGORY,C,FJ1
PRICELIST,17266105M,PRODUCT DESCRIPTION 4922,9K,60,PR,30216,311217,1,21.2531,,,,AWAIT CATEGORY,C,FJ1
PRICELIST,17267110M,PRODUCT DESCRIPTION 4923,9K,60,PR,30216,311217,1,20.2532,,,,AWAIT CATEGORY,C,FJ1
PRICELIST,17268115M,PRODUCT DESCRIPTION 4924,9K,60,PR,30216,311217,1,21.2532,,,,AWAIT CATEGORY,C,FJ1
PRICELIST,17269120M,PRODUCT DESCRIPTION 4925,9K,60,PR,30216,311217,1,20.2533,,,,AWAIT CATEGORY,C,FJ1
PRICELIST,17270130M,PRODUCT DESCRIPTION 4926,9K,60,PR,30216,311217,1,21.2533,,,,AWAIT CATEGORY,C,FJ1
PRICELIST,17271H,PRODUCT DESCRIPTION 4927,9K,60,PR,30216,311217,1,20.2534,,,,AWAIT CATEGORY,C,FJ1
PRICELIST,17272D,PRODUCT DESCRIPTION 4928,9K,60,PR,30216,311217,1,21.2534,,,,AWAIT CATEGORY,C,FJ1
PRICELIST,17273P,PRODUCT DESCRIPTION 4929,9K,60,PR,30216,311217,1,20.2535,,,,AWAIT CATEGORY,C,FJ1
PRICELIST,17274H,PRODUCT DESCRIPTION 4930,9K,60,PR,30216,311217,1,21.2535,,,,AWAIT CATEGORY,C,FJ1
PRICELIST,17275D,PRODUCT DESCRIPTION 4931,9K,60,PR,30216,311217,1,20.2536,,,,AWAIT CATEGORY,C,FJ1
PRICELIST,17276P,PRODUCT DESCRIPTION 4932,9K,60,PR,30216,311217,1,21.2536,,,,AWAIT CATEGORY,C,FJ1
PRICELIST,17277H,PRODUCT DESCRIPTION 4933,9K,60,PR,30216,311217,1,20.2537,,,,AWAIT CATEGORY,C,FJ1
PRICELIST,17278D,PRODUCT DESCRIPTION 4934,9K,60,PR,30216,311217,1,21.2537,,,,AWAIT CATEGORY,C,FJ1
PRICELIST,17279P,PRODUCT DESCRIPTION 4935,9K,60,PR,30216,311217,1,20.2538,,,,AWAIT CATEGORY,C,FJ1
PRICELIST,17280H,PRODUCT DESCRIPTION 4936,9K,60,PR,30216,311217,1,21.2538,,,,AWAIT CATEGORY,C,FJ1
PRICELIST,17281D,PRODUCT DESCRIPTION 4937,9K,60,PR,30216,311217,1,20.2539,,,,AWAIT CATEGORY,C,FJ1
PRICELIST,17282P,PRODUCT DESCRIPTION 4938,9K,60,PR,30216,311217,1,21.2539,,,,AWAIT CATEGORY,C,FJ1
PRICELIST,17283H,PRODUCT DESCRIPTION 4939,9K,60,PR,30216,311217,1,20.2540,,,,AWAIT CATEGORY,C,FJ1
PRICELIST,17284D,PRODUCT DESCRIPTION 4940,9K,60,PR,30216,311217,1,21.2540,,,,AWAIT CATEGORY,C,FJ1
PRICELIST,17285P,PRODUCT DESCRIPTION 4941,9K,60,PR,30216,311217,1,20.2541,,,,AWAIT CATEGORY,C,FJ1
PRICELIST,17286H,PRODUCT DESCRIPTION 4942,9K,60,PR,30216,311217,1,21.2541,,,,AWAIT CATEGORY,C,FJ1
PRICELIST,17287D,PRODUCT DESCRIPTION 4943,9K,60,PR,30216,311217,1,20.2542,,,,AWAIT CATEGORY,M,FJ1
PRICELIST,17288P,PRODUCT DESCRIPTION 4944,9K,60,PR,30216,311217,1,21.2542,,,,AWAIT CATEGORY,M,FJ1
PRICELIST,17289A,PRODUCT DESCRIPTION 4945,9K,60,PR,30216,311217,1,20.2543,,,,AWAIT CATEGORY,M,FJ1
PRICELIST,17290A,PRODUCT DESCRIPTION 4946,9K,60,PR,30216,311217,1,21.2543,,,,AWAIT CATEGORY,M,FJ1
PRICELIST,17291A,PRODUCT DESCRIPTION 4947,9K,60,PR,30216,311217,1,20.2544,,,,AWAIT CATEGORY,M,FJ1
PRICELIST,17292A,PRODUCT DESCRIPTION 4948,9K,60,PR,30216,311217,1,21.2544,,,,AWAIT CATEGORY,M,FJ1
PRICELIST,17293A,PRODUCT DESCRIPTION 4949,9K,60,PR,30216,311217,1,20.2545,,,,AWAIT CATEGORY,M,FJ1
PRICELIST,17294A,PRODUCT DESCRIPTION 4950,9K,60,PR,30216,311217,1,21.2545,,,,AWAIT CATEGORY,M,FJ1
